{
  "camera_id": "cam1",
  "intrinsics_used": {
    "K_3x3": [
      [
        1572.9338514293024,
        0.0,
        952.936772202578
      ],
      [
        0.0,
        1582.3983865805571,
        578.2012480790197
      ],
      [
        0.0,
        0.0,
        1.0
      ]
    ],
    "dist_coeffs": [
      -0.38114960202973464,
      0.09091853311094379,
      -0.00470872493609046,
      -0.0012806888098315411,
      0.07953303549259323
    ],
    "image_size_wh": {
      "width": 1920,
      "height": 1080
    }
  },
  "pattern": {
    "cols": 9,
    "rows": 7,
    "square_size_m": 0.02
  },
  "pose_definition": "solvePnP returns board->camera: X_cam = R*X_board + t; rvec is Rodrigues(R).",
  "origin_convention": "board (0,0) forced to the detected corner closest to image top-left (min x+y) via 0/90/180/270 grid rotation",
  "summary": {
    "num_images_total": 40,
    "num_success": 40
  },
  "poses": [
    {
      "index": 1,
      "image": "cam1_img1.jpg",
      "success": true,
      "rvec_rad": [
        -0.2385831482253151,
        0.2992496014925042,
        0.01604558385612402
      ],
      "tvec_m": [
        0.00757808939018338,
        -0.06166220901361628,
        0.8994500468811258
      ],
      "R_3x3": [
        [
          0.9556424904285374,
          -0.05091964810406646,
          0.29009415699820773
        ],
        [
          -0.0196075308003192,
          0.9717581847164518,
          0.23516286945965936
        ],
        [
          -0.29387578196145614,
          -0.23041966034508493,
          0.9276550031682028
        ]
      ],
      "reproj_rmse_px": 0.6967536086397296,
      "T_board_to_cam_4x4": [
        [
          0.9556424904285374,
          -0.05091964810406646,
          0.29009415699820773,
          0.00757808939018338
        ],
        [
          -0.0196075308003192,
          0.9717581847164518,
          0.23516286945965936,
          -0.06166220901361628
        ],
        [
          -0.29387578196145614,
          -0.23041966034508493,
          0.9276550031682028,
          0.8994500468811258
        ],
        [
          0.0,
          0.0,
          0.0,
          1.0
        ]
      ]
    },
    {
      "index": 2,
      "image": "cam1_img2.jpg",
      "success": true,
      "rvec_rad": [
        -0.10045989507549256,
        0.6823794990173899,
        0.08293385967013288
      ],
      "tvec_m": [
        0.01395675779824214,
        -0.14653377213370328,
        0.9080552440861278
      ],
      "R_3x3": [
        [
          0.7730903729154742,
          -0.10934155658986514,
          0.6248005276149489
        ],
        [
          0.043502804313231856,
          0.9918507007620909,
          0.11974845892383677
        ],
        [
          -0.632802324049381,
          -0.06539580567784518,
          0.7715468924682723
        ]
      ],
      "reproj_rmse_px": 0.7501771139978469,
      "T_board_to_cam_4x4": [
        [
          0.7730903729154742,
          -0.10934155658986514,
          0.6248005276149489,
          0.01395675779824214
        ],
        [
          0.043502804313231856,
          0.9918507007620909,
          0.11974845892383677,
          -0.14653377213370328
        ],
        [
          -0.632802324049381,
          -0.06539580567784518,
          0.7715468924682723,
          0.9080552440861278
        ],
        [
          0.0,
          0.0,
          0.0,
          1.0
        ]
      ]
    },
    {
      "index": 3,
      "image": "cam1_img3.jpg",
      "success": true,
      "rvec_rad": [
        -0.043111568628858156,
        0.08182076186489581,
        0.0908762255903844
      ],
      "tvec_m": [
        0.024718397349115198,
        -0.1669298824822723,
        0.9058137439667958
      ],
      "R_3x3": [
        [
          0.9925339059049922,
          -0.09238304956724325,
          0.07963553089944332
        ],
        [
          0.08886056724713196,
          0.9949485350790712,
          0.0467034488290551
        ],
        [
          -0.08354786183678105,
          -0.03927829803678494,
          0.9957293658850459
        ]
      ],
      "reproj_rmse_px": 0.4901222340561188,
      "T_board_to_cam_4x4": [
        [
          0.9925339059049922,
          -0.09238304956724325,
          0.07963553089944332,
          0.024718397349115198
        ],
        [
          0.08886056724713196,
          0.9949485350790712,
          0.0467034488290551,
          -0.1669298824822723
        ],
        [
          -0.08354786183678105,
          -0.03927829803678494,
          0.9957293658850459,
          0.9058137439667958
        ],
        [
          0.0,
          0.0,
          0.0,
          1.0
        ]
      ]
    },
    {
      "index": 4,
      "image": "cam1_img4.jpg",
      "success": true,
      "rvec_rad": [
        -0.045768475584093346,
        0.026844117366484788,
        0.07455297077383216
      ],
      "tvec_m": [
        -0.026136008590785763,
        -0.23261177517838735,
        1.0841158175113084
      ],
      "R_3x3": [
        [
          0.9968628139763213,
          -0.07506284800112979,
          0.02510177207229812
        ],
        [
          0.07383509074900811,
          0.9961762199168469,
          0.046704584852750655
        ],
        [
          -0.02851156756995407,
          -0.04470467226298987,
          0.998593301996645
        ]
      ],
      "reproj_rmse_px": 0.36301020013783636,
      "T_board_to_cam_4x4": [
        [
          0.9968628139763213,
          -0.07506284800112979,
          0.02510177207229812,
          -0.026136008590785763
        ],
        [
          0.07383509074900811,
          0.9961762199168469,
          0.046704584852750655,
          -0.23261177517838735
        ],
        [
          -0.02851156756995407,
          -0.04470467226298987,
          0.998593301996645,
          1.0841158175113084
        ],
        [
          0.0,
          0.0,
          0.0,
          1.0
        ]
      ]
    },
    {
      "index": 5,
      "image": "cam1_img5.jpg",
      "success": true,
      "rvec_rad": [
        0.458885461595707,
        -0.19522745804079333,
        0.18396154257324845
      ],
      "tvec_m": [
        0.04665147077526953,
        -0.2719190711826528,
        0.7346028201572548
      ],
      "R_3x3": [
        [
          0.964861329738343,
          -0.21916937790971872,
          -0.1449392912988865
        ],
        [
          0.1316718344492919,
          0.8806415012479435,
          -0.4551187474632601
        ],
        [
          0.22738764783583748,
          0.4200420574971455,
          0.8785553639613441
        ]
      ],
      "reproj_rmse_px": 2.509637614804453,
      "T_board_to_cam_4x4": [
        [
          0.964861329738343,
          -0.21916937790971872,
          -0.1449392912988865,
          0.04665147077526953
        ],
        [
          0.1316718344492919,
          0.8806415012479435,
          -0.4551187474632601,
          -0.2719190711826528
        ],
        [
          0.22738764783583748,
          0.4200420574971455,
          0.8785553639613441,
          0.7346028201572548
        ],
        [
          0.0,
          0.0,
          0.0,
          1.0
        ]
      ]
    },
    {
      "index": 6,
      "image": "cam1_img6.jpg",
      "success": true,
      "rvec_rad": [
        0.5980237456329496,
        0.5089894015926941,
        0.09414502273999167
      ],
      "tvec_m": [
        -0.0024094432749848546,
        -0.21598801246943117,
        0.7751626278151931
      ],
      "R_3x3": [
        [
          0.8728729932246295,
          0.0597916838677275,
          0.4842702677630926
        ],
        [
          0.2290553912439134,
          0.826107970200712,
          -0.5148584750326609
        ],
        [
          -0.4308437831060969,
          0.5603307738390969,
          0.7073917291343639
        ]
      ],
      "reproj_rmse_px": 1.2782770523921354,
      "T_board_to_cam_4x4": [
        [
          0.8728729932246295,
          0.0597916838677275,
          0.4842702677630926,
          -0.0024094432749848546
        ],
        [
          0.2290553912439134,
          0.826107970200712,
          -0.5148584750326609,
          -0.21598801246943117
        ],
        [
          -0.4308437831060969,
          0.5603307738390969,
          0.7073917291343639,
          0.7751626278151931
        ],
        [
          0.0,
          0.0,
          0.0,
          1.0
        ]
      ]
    },
    {
      "index": 7,
      "image": "cam1_img7.jpg",
      "success": true,
      "rvec_rad": [
        0.220197185114893,
        0.5440944493738598,
        0.09557991748296407
      ],
      "tvec_m": [
        -0.08537467386843194,
        -0.10467009838474388,
        0.5159473698188236
      ],
      "R_3x3": [
        [
          0.8518571856788102,
          -0.031885651767807,
          0.5228026782818916
        ],
        [
          0.14820412719710838,
          0.9720280080556555,
          -0.18220068122018035
        ],
        [
          -0.502369258503265,
          0.2326904741640633,
          0.8327546285336294
        ]
      ],
      "reproj_rmse_px": 1.4753519081930873,
      "T_board_to_cam_4x4": [
        [
          0.8518571856788102,
          -0.031885651767807,
          0.5228026782818916,
          -0.08537467386843194
        ],
        [
          0.14820412719710838,
          0.9720280080556555,
          -0.18220068122018035,
          -0.10467009838474388
        ],
        [
          -0.502369258503265,
          0.2326904741640633,
          0.8327546285336294,
          0.5159473698188236
        ],
        [
          0.0,
          0.0,
          0.0,
          1.0
        ]
      ]
    },
    {
      "index": 8,
      "image": "cam1_img8.jpg",
      "success": true,
      "rvec_rad": [
        0.28958347459213996,
        0.4477373041749104,
        0.10425020027557595
      ],
      "tvec_m": [
        -0.023743918475743378,
        -0.02763170387910979,
        0.6133117205170809
      ],
      "R_3x3": [
        [
          0.8969055597567639,
          -0.03594683226816736,
          0.4407587119130946
        ],
        [
          0.1624458556792998,
          0.953790369241273,
          -0.252775148136078
        ],
        [
          -0.4113049487302896,
          0.2983148618364166,
          0.8612992989417172
        ]
      ],
      "reproj_rmse_px": 1.4222934942264411,
      "T_board_to_cam_4x4": [
        [
          0.8969055597567639,
          -0.03594683226816736,
          0.4407587119130946,
          -0.023743918475743378
        ],
        [
          0.1624458556792998,
          0.953790369241273,
          -0.252775148136078,
          -0.02763170387910979
        ],
        [
          -0.4113049487302896,
          0.2983148618364166,
          0.8612992989417172,
          0.6133117205170809
        ],
        [
          0.0,
          0.0,
          0.0,
          1.0
        ]
      ]
    },
    {
      "index": 9,
      "image": "cam1_img9.jpg",
      "success": true,
      "rvec_rad": [
        0.2866267959751522,
        0.7899551915182167,
        0.05851370810363186
      ],
      "tvec_m": [
        -0.11897895973545755,
        -0.027625012093870874,
        0.643655055346456
      ],
      "R_3x3": [
        [
          0.7043920723281747,
          0.054838059032488,
          0.7076896182103909
        ],
        [
          0.15850773154215284,
          0.9596818220142891,
          -0.23213379662749473
        ],
        [
          -0.6918866290676386,
          0.27568748208230937,
          0.6673000110449092
        ]
      ],
      "reproj_rmse_px": 1.1749304033001897,
      "T_board_to_cam_4x4": [
        [
          0.7043920723281747,
          0.054838059032488,
          0.7076896182103909,
          -0.11897895973545755
        ],
        [
          0.15850773154215284,
          0.9596818220142891,
          -0.23213379662749473,
          -0.027625012093870874
        ],
        [
          -0.6918866290676386,
          0.27568748208230937,
          0.6673000110449092,
          0.643655055346456
        ],
        [
          0.0,
          0.0,
          0.0,
          1.0
        ]
      ]
    },
    {
      "index": 10,
      "image": "cam1_img10.jpg",
      "success": true,
      "rvec_rad": [
        -0.19552620415812103,
        -0.3233367419558875,
        0.5154975447956939
      ],
      "tvec_m": [
        0.04411434890355342,
        -0.07411149304706441,
        0.6184482072454979
      ],
      "R_3x3": [
        [
          0.8210753914484084,
          -0.4505606070082354,
          -0.3504715979508375
        ],
        [
          0.5116582872226614,
          0.8531199296886383,
          0.10194205552383885
        ],
        [
          0.2530632305851951,
          -0.2630238106720061,
          0.9310088486933736
        ]
      ],
      "reproj_rmse_px": 1.4240905297233555,
      "T_board_to_cam_4x4": [
        [
          0.8210753914484084,
          -0.4505606070082354,
          -0.3504715979508375,
          0.04411434890355342
        ],
        [
          0.5116582872226614,
          0.8531199296886383,
          0.10194205552383885,
          -0.07411149304706441
        ],
        [
          0.2530632305851951,
          -0.2630238106720061,
          0.9310088486933736,
          0.6184482072454979
        ],
        [
          0.0,
          0.0,
          0.0,
          1.0
        ]
      ]
    },
    {
      "index": 11,
      "image": "cam1_img11.jpg",
      "success": true,
      "rvec_rad": [
        -0.2027026422817438,
        0.07516266320002389,
        -0.009459240270614283
      ],
      "tvec_m": [
        0.05329782427631286,
        -0.04519550514572039,
        0.6718737716137926
      ],
      "R_3x3": [
        [
          0.9971417283342607,
          0.0017974331591926584,
          0.0755323960205267
        ],
        [
          -0.016973742584486022,
          0.9794912990521271,
          0.20077023470587468
        ],
        [
          -0.07362245362142616,
          -0.20147844627953293,
          0.9767221559929652
        ]
      ],
      "reproj_rmse_px": 1.4881142319245095,
      "T_board_to_cam_4x4": [
        [
          0.9971417283342607,
          0.0017974331591926584,
          0.0755323960205267,
          0.05329782427631286
        ],
        [
          -0.016973742584486022,
          0.9794912990521271,
          0.20077023470587468,
          -0.04519550514572039
        ],
        [
          -0.07362245362142616,
          -0.20147844627953293,
          0.9767221559929652,
          0.6718737716137926
        ],
        [
          0.0,
          0.0,
          0.0,
          1.0
        ]
      ]
    },
    {
      "index": 12,
      "image": "cam1_img12.jpg",
      "success": true,
      "rvec_rad": [
        -0.45504092257233636,
        -0.035253041315006416,
        -0.02636158777695643
      ],
      "tvec_m": [
        0.04503798609263732,
        -0.02776756694970392,
        0.7541560960514228
      ],
      "R_3x3": [
        [
          0.9990479019873095,
          0.03333493668326239,
          -0.028143765403338843
        ],
        [
          -0.017570811790501673,
          0.8979180737587761,
          0.4398117772301601
        ],
        [
          0.03993189336580539,
          -0.4388985245061232,
          0.8976488896437014
        ]
      ],
      "reproj_rmse_px": 1.5746709249926252,
      "T_board_to_cam_4x4": [
        [
          0.9990479019873095,
          0.03333493668326239,
          -0.028143765403338843,
          0.04503798609263732
        ],
        [
          -0.017570811790501673,
          0.8979180737587761,
          0.4398117772301601,
          -0.02776756694970392
        ],
        [
          0.03993189336580539,
          -0.4388985245061232,
          0.8976488896437014,
          0.7541560960514228
        ],
        [
          0.0,
          0.0,
          0.0,
          1.0
        ]
      ]
    },
    {
      "index": 13,
      "image": "cam1_img13.jpg",
      "success": true,
      "rvec_rad": [
        -0.3353084014992529,
        0.1234487807843792,
        -0.1544565180030112
      ],
      "tvec_m": [
        -0.1094354829554779,
        -0.19794288167190358,
        1.248225023078177
      ],
      "R_3x3": [
        [
          0.9806973898471266,
          0.13014853507737023,
          0.1459245982151312
        ],
        [
          -0.17102189245044908,
          0.9327118766846995,
          0.3174902634632641
        ],
        [
          -0.09478471316462361,
          -0.33631817362212285,
          0.9369663517126854
        ]
      ],
      "reproj_rmse_px": 0.3621123900628988,
      "T_board_to_cam_4x4": [
        [
          0.9806973898471266,
          0.13014853507737023,
          0.1459245982151312,
          -0.1094354829554779
        ],
        [
          -0.17102189245044908,
          0.9327118766846995,
          0.3174902634632641,
          -0.19794288167190358
        ],
        [
          -0.09478471316462361,
          -0.33631817362212285,
          0.9369663517126854,
          1.248225023078177
        ],
        [
          0.0,
          0.0,
          0.0,
          1.0
        ]
      ]
    },
    {
      "index": 14,
      "image": "cam1_img14.jpg",
      "success": true,
      "rvec_rad": [
        0.2463711665227292,
        0.10904052108351057,
        0.47478846145719567
      ],
      "tvec_m": [
        0.057566905175436604,
        -0.22038964234468122,
        0.9279681469650459
      ],
      "R_3x3": [
        [
          0.88426069665646,
          -0.43845326942581325,
          0.16075369631348227
        ],
        [
          0.4646571401078092,
          0.860456319625812,
          -0.20906617173238273
        ],
        [
          -0.046655787373742603,
          0.2595643514541578,
          0.9645981468770913
        ]
      ],
      "reproj_rmse_px": 1.1641689490961158,
      "T_board_to_cam_4x4": [
        [
          0.88426069665646,
          -0.43845326942581325,
          0.16075369631348227,
          0.057566905175436604
        ],
        [
          0.4646571401078092,
          0.860456319625812,
          -0.20906617173238273,
          -0.22038964234468122
        ],
        [
          -0.046655787373742603,
          0.2595643514541578,
          0.9645981468770913,
          0.9279681469650459
        ],
        [
          0.0,
          0.0,
          0.0,
          1.0
        ]
      ]
    },
    {
      "index": 15,
      "image": "cam1_img15.jpg",
      "success": true,
      "rvec_rad": [
        -0.11649506707232357,
        -0.8053804242713012,
        0.4622205510120107
      ],
      "tvec_m": [
        0.06847364783991734,
        -0.16095236882492406,
        0.9180264747276744
      ],
      "R_3x3": [
        [
          0.5994210406041364,
          -0.35405549916184303,
          -0.717871241654318
        ],
        [
          0.4412272299553834,
          0.8944443232028721,
          -0.07271783987478707
        ],
        [
          0.6678420079831406,
          -0.2731557361715366,
          0.6923676741223788
        ]
      ],
      "reproj_rmse_px": 0.6513169352037931,
      "T_board_to_cam_4x4": [
        [
          0.5994210406041364,
          -0.35405549916184303,
          -0.717871241654318,
          0.06847364783991734
        ],
        [
          0.4412272299553834,
          0.8944443232028721,
          -0.07271783987478707,
          -0.16095236882492406
        ],
        [
          0.6678420079831406,
          -0.2731557361715366,
          0.6923676741223788,
          0.9180264747276744
        ],
        [
          0.0,
          0.0,
          0.0,
          1.0
        ]
      ]
    },
    {
      "index": 16,
      "image": "cam1_img16.jpg",
      "success": true,
      "rvec_rad": [
        -0.06111875738134838,
        0.2385357046011399,
        -0.35607937750916596
      ],
      "tvec_m": [
        0.01418786636361454,
        -0.09893636344361785,
        0.8375826657330125
      ],
      "R_3x3": [
        [
          0.9095797006903271,
          0.337883628737807,
          0.24186653659211876
        ],
        [
          -0.35223634381822067,
          0.9357489948291484,
          0.01741771425333053
        ],
        [
          -0.220441208002649,
          -0.10103698385843785,
          0.9701531846606095
        ]
      ],
      "reproj_rmse_px": 1.3311993576547339,
      "T_board_to_cam_4x4": [
        [
          0.9095797006903271,
          0.337883628737807,
          0.24186653659211876,
          0.01418786636361454
        ],
        [
          -0.35223634381822067,
          0.9357489948291484,
          0.01741771425333053,
          -0.09893636344361785
        ],
        [
          -0.220441208002649,
          -0.10103698385843785,
          0.9701531846606095,
          0.8375826657330125
        ],
        [
          0.0,
          0.0,
          0.0,
          1.0
        ]
      ]
    },
    {
      "index": 17,
      "image": "cam1_img17.jpg",
      "success": true,
      "rvec_rad": [
        0.20533340825986235,
        0.09377981597924782,
        -0.5122842664324269
      ],
      "tvec_m": [
        -0.10937071234683016,
        -0.11373139839745325,
        0.6025396338231499
      ],
      "R_3x3": [
        [
          0.8678900113234734,
          0.49532206191351635,
          0.03772244990299186
        ],
        [
          -0.4765636010409322,
          0.8516376155970934,
          -0.2181754015992558
        ],
        [
          -0.14019294706881766,
          0.17137510519862553,
          0.9751802453445823
        ]
      ],
      "reproj_rmse_px": 1.5716555394673388,
      "T_board_to_cam_4x4": [
        [
          0.8678900113234734,
          0.49532206191351635,
          0.03772244990299186,
          -0.10937071234683016
        ],
        [
          -0.4765636010409322,
          0.8516376155970934,
          -0.2181754015992558,
          -0.11373139839745325
        ],
        [
          -0.14019294706881766,
          0.17137510519862553,
          0.9751802453445823,
          0.6025396338231499
        ],
        [
          0.0,
          0.0,
          0.0,
          1.0
        ]
      ]
    },
    {
      "index": 18,
      "image": "cam1_img18.jpg",
      "success": true,
      "rvec_rad": [
        0.10466057864747491,
        0.011769362615579117,
        0.07033614283545815
      ],
      "tvec_m": [
        -0.07605338956762454,
        -0.13152452414981383,
        0.6120729530913032
      ],
      "R_3x3": [
        [
          0.9974605515772959,
          -0.06953319578325028,
          0.015413718931033268
        ],
        [
          0.07076333852305568,
          0.9920601163259131,
          -0.10396766572587503
        ],
        [
          -0.00806213173969103,
          0.10479437141175117,
          0.9944612319000816
        ]
      ],
      "reproj_rmse_px": 0.6695866860528231,
      "T_board_to_cam_4x4": [
        [
          0.9974605515772959,
          -0.06953319578325028,
          0.015413718931033268,
          -0.07605338956762454
        ],
        [
          0.07076333852305568,
          0.9920601163259131,
          -0.10396766572587503,
          -0.13152452414981383
        ],
        [
          -0.00806213173969103,
          0.10479437141175117,
          0.9944612319000816,
          0.6120729530913032
        ],
        [
          0.0,
          0.0,
          0.0,
          1.0
        ]
      ]
    },
    {
      "index": 19,
      "image": "cam1_img19.jpg",
      "success": true,
      "rvec_rad": [
        0.03545563313573742,
        -0.11808497806077498,
        0.10383079386906785
      ],
      "tvec_m": [
        -0.14225264386157732,
        -0.07889048540460272,
        0.6227825928077583
      ],
      "R_3x3": [
        [
          0.9876642956871723,
          -0.10547061592218616,
          -0.11573758335889249
        ],
        [
          0.10129289548454525,
          0.9939940529477161,
          -0.04141946437280339
        ],
        [
          0.11941100597984632,
          0.029185131172698647,
          0.9924158602971405
        ]
      ],
      "reproj_rmse_px": 0.7683325312572695,
      "T_board_to_cam_4x4": [
        [
          0.9876642956871723,
          -0.10547061592218616,
          -0.11573758335889249,
          -0.14225264386157732
        ],
        [
          0.10129289548454525,
          0.9939940529477161,
          -0.04141946437280339,
          -0.07889048540460272
        ],
        [
          0.11941100597984632,
          0.029185131172698647,
          0.9924158602971405,
          0.6227825928077583
        ],
        [
          0.0,
          0.0,
          0.0,
          1.0
        ]
      ]
    },
    {
      "index": 20,
      "image": "cam1_img20.jpg",
      "success": true,
      "rvec_rad": [
        0.0069519587758222635,
        0.36118128924769777,
        -0.15607056647155576
      ],
      "tvec_m": [
        -0.09508410784659845,
        -0.07788621689719252,
        0.6978269576562487
      ],
      "R_3x3": [
        [
          0.9235887853057964,
          0.1533128453813623,
          0.35139568451879727
        ],
        [
          -0.15083416417565032,
          0.9879534938440852,
          -0.03459694955770194
        ],
        [
          -0.3524667510202864,
          -0.021049119752039453,
          0.9355875822085646
        ]
      ],
      "reproj_rmse_px": 0.5791435992065325,
      "T_board_to_cam_4x4": [
        [
          0.9235887853057964,
          0.1533128453813623,
          0.35139568451879727,
          -0.09508410784659845
        ],
        [
          -0.15083416417565032,
          0.9879534938440852,
          -0.03459694955770194,
          -0.07788621689719252
        ],
        [
          -0.3524667510202864,
          -0.021049119752039453,
          0.9355875822085646,
          0.6978269576562487
        ],
        [
          0.0,
          0.0,
          0.0,
          1.0
        ]
      ]
    },
    {
      "index": 21,
      "image": "cam1_img21.jpg",
      "success": true,
      "rvec_rad": [
        -0.35305120535021106,
        -0.735093292084887,
        -0.08402961644721528
      ],
      "tvec_m": [
        -0.08081214980487174,
        -0.30251557577757365,
        0.8869128639188587
      ],
      "R_3x3": [
        [
          0.7412785198113774,
          0.19758481376178136,
          -0.641456465737914
        ],
        [
          0.04772758660821297,
          0.9377534426512728,
          0.3440066253318988
        ],
        [
          0.6694984940556692,
          -0.2856198910552415,
          0.6857062376052759
        ]
      ],
      "reproj_rmse_px": 0.9114256934975347,
      "T_board_to_cam_4x4": [
        [
          0.7412785198113774,
          0.19758481376178136,
          -0.641456465737914,
          -0.08081214980487174
        ],
        [
          0.04772758660821297,
          0.9377534426512728,
          0.3440066253318988,
          -0.30251557577757365
        ],
        [
          0.6694984940556692,
          -0.2856198910552415,
          0.6857062376052759,
          0.8869128639188587
        ],
        [
          0.0,
          0.0,
          0.0,
          1.0
        ]
      ]
    },
    {
      "index": 22,
      "image": "cam1_img22.jpg",
      "success": true,
      "rvec_rad": [
        -0.18765262198199964,
        -0.08810687463361859,
        0.46113446544380604
      ],
      "tvec_m": [
        0.09266391193551364,
        -0.19367612131160747,
        0.8528645292004636
      ],
      "R_3x3": [
        [
          0.8921237191272314,
          -0.4336459316608393,
          -0.12675360241271047
        ],
        [
          0.4498302123411754,
          0.8786882708273502,
          0.15987402157803582
        ],
        [
          0.04204818468958955,
          -0.199645006610343,
          0.9789656896438538
        ]
      ],
      "reproj_rmse_px": 0.7771630534196995,
      "T_board_to_cam_4x4": [
        [
          0.8921237191272314,
          -0.4336459316608393,
          -0.12675360241271047,
          0.09266391193551364
        ],
        [
          0.4498302123411754,
          0.8786882708273502,
          0.15987402157803582,
          -0.19367612131160747
        ],
        [
          0.04204818468958955,
          -0.199645006610343,
          0.9789656896438538,
          0.8528645292004636
        ],
        [
          0.0,
          0.0,
          0.0,
          1.0
        ]
      ]
    },
    {
      "index": 23,
      "image": "cam1_img23.jpg",
      "success": true,
      "rvec_rad": [
        0.2350401312177663,
        0.016192361146117804,
        0.06364879828451282
      ],
      "tvec_m": [
        -0.16058601995310182,
        -0.1636597970551817,
        0.6009264689098646
      ],
      "R_3x3": [
        [
          0.9978540015598678,
          -0.061125384383051665,
          0.023475070926060222
        ],
        [
          0.06491238768516434,
          0.9704993354432434,
          -0.23220125285888088
        ],
        [
          -0.008589149897999184,
          0.23322677223733812,
          0.9723844400317102
        ]
      ],
      "reproj_rmse_px": 1.7332693771997487,
      "T_board_to_cam_4x4": [
        [
          0.9978540015598678,
          -0.061125384383051665,
          0.023475070926060222,
          -0.16058601995310182
        ],
        [
          0.06491238768516434,
          0.9704993354432434,
          -0.23220125285888088,
          -0.1636597970551817
        ],
        [
          -0.008589149897999184,
          0.23322677223733812,
          0.9723844400317102,
          0.6009264689098646
        ],
        [
          0.0,
          0.0,
          0.0,
          1.0
        ]
      ]
    },
    {
      "index": 24,
      "image": "cam1_img24.jpg",
      "success": true,
      "rvec_rad": [
        -0.00096441981801219,
        -0.28750627518755534,
        0.45014084581855823
      ],
      "tvec_m": [
        -0.13620811068983496,
        -0.04459423663940578,
        0.5826260539427383
      ],
      "R_3x3": [
        [
          0.8607157923806122,
          -0.4289054462726579,
          -0.274241577635972
        ],
        [
          0.4291761934232915,
          0.901071987604938,
          -0.0622661075737033
        ],
        [
          0.2738176761009198,
          -0.0641045342494481,
          0.9596428965731748
        ]
      ],
      "reproj_rmse_px": 2.1478939392935152,
      "T_board_to_cam_4x4": [
        [
          0.8607157923806122,
          -0.4289054462726579,
          -0.274241577635972,
          -0.13620811068983496
        ],
        [
          0.4291761934232915,
          0.901071987604938,
          -0.0622661075737033,
          -0.04459423663940578
        ],
        [
          0.2738176761009198,
          -0.0641045342494481,
          0.9596428965731748,
          0.5826260539427383
        ],
        [
          0.0,
          0.0,
          0.0,
          1.0
        ]
      ]
    },
    {
      "index": 25,
      "image": "cam1_img25.jpg",
      "success": true,
      "rvec_rad": [
        0.180686582601678,
        -0.22331297296499905,
        0.002459237125707371
      ],
      "tvec_m": [
        0.018870514597118544,
        -0.16323911945337652,
        0.6217359434446317
      ],
      "R_3x3": [
        [
          0.9752336539795733,
          -0.022462023211815858,
          -0.22003358302514156
        ],
        [
          -0.01761091774818203,
          0.9837851246138382,
          -0.17848440874373775
        ],
        [
          0.22047488682776725,
          0.17793899545003264,
          0.9590247849646623
        ]
      ],
      "reproj_rmse_px": 1.6652651117346067,
      "T_board_to_cam_4x4": [
        [
          0.9752336539795733,
          -0.022462023211815858,
          -0.22003358302514156,
          0.018870514597118544
        ],
        [
          -0.01761091774818203,
          0.9837851246138382,
          -0.17848440874373775,
          -0.16323911945337652
        ],
        [
          0.22047488682776725,
          0.17793899545003264,
          0.9590247849646623,
          0.6217359434446317
        ],
        [
          0.0,
          0.0,
          0.0,
          1.0
        ]
      ]
    },
    {
      "index": 26,
      "image": "cam1_img26.jpg",
      "success": true,
      "rvec_rad": [
        -0.05602352453169777,
        0.0852192538222255,
        0.023897739174355562
      ],
      "tvec_m": [
        0.03299296332974678,
        -0.05294787541583575,
        0.6697605890026075
      ],
      "R_3x3": [
        [
          0.9960868683096902,
          -0.02623902153283797,
          0.08439469491616915
        ],
        [
          0.021469102288830075,
          0.9981468267377871,
          0.056938474867155406
        ],
        [
          -0.08573230679216413,
          -0.054903788778964985,
          0.9948042749957446
        ]
      ],
      "reproj_rmse_px": 0.770889599569692,
      "T_board_to_cam_4x4": [
        [
          0.9960868683096902,
          -0.02623902153283797,
          0.08439469491616915,
          0.03299296332974678
        ],
        [
          0.021469102288830075,
          0.9981468267377871,
          0.056938474867155406,
          -0.05294787541583575
        ],
        [
          -0.08573230679216413,
          -0.054903788778964985,
          0.9948042749957446,
          0.6697605890026075
        ],
        [
          0.0,
          0.0,
          0.0,
          1.0
        ]
      ]
    },
    {
      "index": 27,
      "image": "cam1_img27.jpg",
      "success": true,
      "rvec_rad": [
        -0.22058003282181543,
        0.04221721172564335,
        0.1610679826010982
      ],
      "tvec_m": [
        0.0036752051777815156,
        -0.02032982575111137,
        0.6698906109254357
      ],
      "R_3x3": [
        [
          0.9862254179262231,
          -0.16365195946223968,
          0.02403042239362405
        ],
        [
          0.15439880800584696,
          0.9629375852685579,
          0.22116106113765233
        ],
        [
          -0.059333237924624846,
          -0.21440439137603556,
          0.9749411899371426
        ]
      ],
      "reproj_rmse_px": 1.5082519296027335,
      "T_board_to_cam_4x4": [
        [
          0.9862254179262231,
          -0.16365195946223968,
          0.02403042239362405,
          0.0036752051777815156
        ],
        [
          0.15439880800584696,
          0.9629375852685579,
          0.22116106113765233,
          -0.02032982575111137
        ],
        [
          -0.059333237924624846,
          -0.21440439137603556,
          0.9749411899371426,
          0.6698906109254357
        ],
        [
          0.0,
          0.0,
          0.0,
          1.0
        ]
      ]
    },
    {
      "index": 28,
      "image": "cam1_img28.jpg",
      "success": true,
      "rvec_rad": [
        -0.07971269817425389,
        -0.24102652036864639,
        -0.04794962836143414
      ],
      "tvec_m": [
        -0.2750181175286576,
        -0.1815627276319274,
        0.5890145787508817
      ],
      "R_3x3": [
        [
          0.969971112065645,
          0.05697111199685071,
          -0.2364536617521039
        ],
        [
          -0.037864867154865665,
          0.9956973718441661,
          0.08457538375889843
        ],
        [
          0.24025464322980408,
          -0.07308239254747247,
          0.9679548906359515
        ]
      ],
      "reproj_rmse_px": 1.9339078201258597,
      "T_board_to_cam_4x4": [
        [
          0.969971112065645,
          0.05697111199685071,
          -0.2364536617521039,
          -0.2750181175286576
        ],
        [
          -0.037864867154865665,
          0.9956973718441661,
          0.08457538375889843,
          -0.1815627276319274
        ],
        [
          0.24025464322980408,
          -0.07308239254747247,
          0.9679548906359515,
          0.5890145787508817
        ],
        [
          0.0,
          0.0,
          0.0,
          1.0
        ]
      ]
    },
    {
      "index": 29,
      "image": "cam1_img29.jpg",
      "success": true,
      "rvec_rad": [
        -0.28131355869400465,
        -0.3376014335777399,
        -0.27306376840583935
      ],
      "tvec_m": [
        -0.31002000392669254,
        -0.02511605497294109,
        0.5615948199409205
      ],
      "R_3x3": [
        [
          0.9078148531586258,
          0.3074797788608586,
          -0.285181307199929
        ],
        [
          -0.2146075790438658,
          0.9248484610407467,
          0.3140046355191167
        ],
        [
          0.36029956897214527,
          -0.223856002158173,
          0.9055786607999585
        ]
      ],
      "reproj_rmse_px": 3.2440351866120163,
      "T_board_to_cam_4x4": [
        [
          0.9078148531586258,
          0.3074797788608586,
          -0.285181307199929,
          -0.31002000392669254
        ],
        [
          -0.2146075790438658,
          0.9248484610407467,
          0.3140046355191167,
          -0.02511605497294109
        ],
        [
          0.36029956897214527,
          -0.223856002158173,
          0.9055786607999585,
          0.5615948199409205
        ],
        [
          0.0,
          0.0,
          0.0,
          1.0
        ]
      ]
    },
    {
      "index": 30,
      "image": "cam1_img30.jpg",
      "success": true,
      "rvec_rad": [
        0.48065196318093534,
        0.0547955089805057,
        -0.11297365868479667
      ],
      "tvec_m": [
        -0.2504994435615068,
        -0.057323539718151774,
        0.7124646965618883
      ],
      "R_3x3": [
        [
          0.9922779920921462,
          0.12128400569738149,
          0.025972608101155523
        ],
        [
