{
  "camera_id": "cam1",
  "image_directory": "C:\\Users\\kaysa\\OneDrive\\Desktop\\robot-hand-eye-calibration-experiments\\03_extrinsic_calibration\\images\\cam1_images",
  "intrinsics_used": {
    "K_3x3": [
      [
        1572.9338514293024,
        0.0,
        952.936772202578
      ],
      [
        0.0,
        1582.3983865805571,
        578.2012480790197
      ],
      [
        0.0,
        0.0,
        1.0
      ]
    ],
    "dist_coeffs": [
      -0.38114960202973464,
      0.09091853311094379,
      -0.00470872493609046,
      -0.0012806888098315411,
      0.07953303549259323
    ],
    "image_size_wh": {
      "width": 1920,
      "height": 1080
    }
  },
  "pattern": {
    "cols": 9,
    "rows": 7,
    "square_size_m": 0.02
  },
  "pose_definition": "solvePnP returns board->camera: X_cam = R*X_board + t; rvec is Rodrigues(R).",
  "origin_convention": "board (0,0) is forced to the detected corner closest to image top-left via 0/90/180/270 logical grid rotation.",
  "important_note": "If image resolution differs from the intrinsic-calibration resolution, the camera matrix is scaled to the actual image size before solvePnP.",
  "summary": {
    "num_images_total": 40,
    "num_success": 40,
    "num_failed": 0,
    "num_missing_in_dataset": 0
  },
  "poses": [
    {
      "pose_id": 1,
      "image": "img1_cam1.png",
      "success": true,
      "rvec_rad": [
        0.013552833591877998,
        -0.44851881828901036,
        0.011272812021590731
      ],
      "tvec_m": [
        -0.0059209480614277055,
        -0.15345323193053953,
        1.2451127054544455
      ],
      "R_3x3": [
        [
          0.9010304688823955,
          -0.013886727663545165,
          -0.43353345077441163
        ],
        [
          0.007909405104011578,
          0.9998472135393339,
          -0.015588165014845334
        ],
        [
          0.43368368133522306,
          0.010616419944027362,
          0.9010026393807627
        ]
      ],
      "reproj_rmse_px": 0.20187193917371798,
      "T_board_to_cam_4x4": [
        [
          0.9010304688823955,
          -0.013886727663545165,
          -0.43353345077441163,
          -0.0059209480614277055
        ],
        [
          0.007909405104011578,
          0.9998472135393339,
          -0.015588165014845334,
          -0.15345323193053953
        ],
        [
          0.43368368133522306,
          0.010616419944027362,
          0.9010026393807627,
          1.2451127054544455
        ],
        [
          0.0,
          0.0,
          0.0,
          1.0
        ]
      ],
      "camera_matrix_used_3x3": [
        [
          1048.622567619535,
          0.0,
          635.2911814683853
        ],
        [
          0.0,
          1054.9322577203714,
          385.46749871934645
        ],
        [
          0.0,
          0.0,
          1.0
        ]
      ],
      "intrinsics_scale": {
        "sx": 0.6666666666666666,
        "sy": 0.6666666666666666
      }
    },
    {
      "pose_id": 2,
      "image": "img2_cam1.png",
      "success": true,
      "rvec_rad": [
        0.0448498420870802,
        -0.49838187538501777,
        0.021608148768982992
      ],
      "tvec_m": [
        -0.13482380124958232,
        -0.24141859248927255,
        1.257841959854374
      ],
      "R_3x3": [
        [
          0.8781537927345645,
          -0.03166044476071655,
          -0.4773295848189729
        ],
        [
          0.00977148762641336,
          0.9987864801155559,
          -0.048270955738881495
        ],
        [
          0.4782786158040795,
          0.03772510272924146,
          0.8773975052897073
        ]
      ],
      "reproj_rmse_px": 0.17171955020384683,
      "T_board_to_cam_4x4": [
        [
          0.8781537927345645,
          -0.03166044476071655,
          -0.4773295848189729,
          -0.13482380124958232
        ],
        [
          0.00977148762641336,
          0.9987864801155559,
          -0.048270955738881495,
          -0.24141859248927255
        ],
        [
          0.4782786158040795,
          0.03772510272924146,
          0.8773975052897073,
          1.257841959854374
        ],
        [
          0.0,
          0.0,
          0.0,
          1.0
        ]
      ],
      "camera_matrix_used_3x3": [
        [
          1048.622567619535,
          0.0,
          635.2911814683853
        ],
        [
          0.0,
          1054.9322577203714,
          385.46749871934645
        ],
        [
          0.0,
          0.0,
          1.0
        ]
      ],
      "intrinsics_scale": {
        "sx": 0.6666666666666666,
        "sy": 0.6666666666666666
      }
    },
    {
      "pose_id": 3,
      "image": "img3_cam1.png",
      "success": true,
      "rvec_rad": [
        -0.04167124731497052,
        -0.537927496994039,
        -0.008587637260794957
      ],
      "tvec_m": [
        -0.227278278383079,
        -0.1978678281337531,
        1.3882647086777005
      ],
      "R_3x3": [
        [
          0.8587578061036467,
          0.019115631023907686,
          -0.5120250219536243
        ],
        [
          0.002761810732169273,
          0.9991166302137526,
          0.04193246512900293
        ],
        [
          0.5123742800507568,
          -0.03742394795947095,
          0.8579464116491167
        ]
      ],
      "reproj_rmse_px": 0.15836884732572104,
      "T_board_to_cam_4x4": [
        [
          0.8587578061036467,
          0.019115631023907686,
          -0.5120250219536243,
          -0.227278278383079
        ],
        [
          0.002761810732169273,
          0.9991166302137526,
          0.04193246512900293,
          -0.1978678281337531
        ],
        [
          0.5123742800507568,
          -0.03742394795947095,
          0.8579464116491167,
          1.3882647086777005
        ],
        [
          0.0,
          0.0,
          0.0,
          1.0
        ]
      ],
      "camera_matrix_used_3x3": [
        [
          1048.622567619535,
          0.0,
          635.2911814683853
        ],
        [
          0.0,
          1054.9322577203714,
          385.46749871934645
        ],
        [
          0.0,
          0.0,
          1.0
        ]
      ],
      "intrinsics_scale": {
        "sx": 0.6666666666666666,
        "sy": 0.6666666666666666
      }
    },
    {
      "pose_id": 4,
      "image": "img4_cam1.png",
      "success": true,
      "rvec_rad": [
        -0.07820309887319027,
        -0.666820580139271,
        -0.07701264575820055
      ],
      "tvec_m": [
        -0.3705884185880477,
        -0.21172081629203082,
        1.2766079013986558
      ],
      "R_3x3": [
        [
          0.78315432241818,
          0.09637954288565873,
          -0.6143128608379227
        ],
        [
          -0.0461867685161698,
          0.9942024387695066,
          0.09709939834416634
        ],
        [
          0.6201097400394184,
          -0.04767068761741139,
          0.7830653969179893
        ]
      ],
      "reproj_rmse_px": 0.18695904530516996,
      "T_board_to_cam_4x4": [
        [
          0.78315432241818,
          0.09637954288565873,
          -0.6143128608379227,
          -0.3705884185880477
        ],
        [
          -0.0461867685161698,
          0.9942024387695066,
          0.09709939834416634,
          -0.21172081629203082
        ],
        [
          0.6201097400394184,
          -0.04767068761741139,
          0.7830653969179893,
          1.2766079013986558
        ],
        [
          0.0,
          0.0,
          0.0,
          1.0
        ]
      ],
      "camera_matrix_used_3x3": [
        [
          1048.622567619535,
          0.0,
          635.2911814683853
        ],
        [
          0.0,
          1054.9322577203714,
          385.46749871934645
        ],
        [
          0.0,
          0.0,
          1.0
        ]
      ],
      "intrinsics_scale": {
        "sx": 0.6666666666666666,
        "sy": 0.6666666666666666
      }
    },
    {
      "pose_id": 5,
      "image": "img5_cam1.png",
      "success": true,
      "rvec_rad": [
        -0.047865725262359736,
        -0.6756201862910788,
        -0.5676322821619025
      ],
      "tvec_m": [
        -0.4049436363152913,
        -0.05299330632843037,
        1.3388993684260242
      ],
      "R_3x3": [
        [
          0.6353528972490785,
          0.511725394202773,
          -0.5783284679878888
        ],
        [
          -0.4814369396643304,
          0.8480393087838585,
          0.22146738785663111
        ],
        [
          0.60377576059647,
          0.1377187412279539,
          0.7851677395504364
        ]
      ],
      "reproj_rmse_px": 0.16694990929290524,
      "T_board_to_cam_4x4": [
        [
          0.6353528972490785,
          0.511725394202773,
          -0.5783284679878888,
          -0.4049436363152913
        ],
        [
          -0.4814369396643304,
          0.8480393087838585,
          0.22146738785663111,
          -0.05299330632843037
        ],
        [
          0.60377576059647,
          0.1377187412279539,
          0.7851677395504364,
          1.3388993684260242
        ],
        [
          0.0,
          0.0,
          0.0,
          1.0
        ]
      ],
      "camera_matrix_used_3x3": [
        [
          1048.622567619535,
          0.0,
          635.2911814683853
        ],
        [
          0.0,
          1054.9322577203714,
          385.46749871934645
        ],
        [
          0.0,
          0.0,
          1.0
        ]
      ],
      "intrinsics_scale": {
        "sx": 0.6666666666666666,
        "sy": 0.6666666666666666
      }
    },
    {
      "pose_id": 6,
      "image": "img6_cam1.png",
      "success": true,
      "rvec_rad": [
        -0.17394834778077725,
        -0.5220969296905575,
        -0.2878124120851009
      ],
      "tvec_m": [
        -0.3967561077564563,
        0.038201187069115836,
        1.3377648110543436
      ],
      "R_3x3": [
        [
          0.8279280879018454,
          0.3136335153400301,
          -0.4649398878550316
        ],
        [
          -0.22569723063238228,
          0.9452472065219167,
          0.23572967281907076
        ],
        [
          0.5134158561517822,
          -0.09023157217940979,
          0.8533829281359948
        ]
      ],
      "reproj_rmse_px": 0.12518003627024674,
      "T_board_to_cam_4x4": [
        [
          0.8279280879018454,
          0.3136335153400301,
          -0.4649398878550316,
          -0.3967561077564563
        ],
        [
          -0.22569723063238228,
          0.9452472065219167,
          0.23572967281907076,
          0.038201187069115836
        ],
        [
          0.5134158561517822,
          -0.09023157217940979,
          0.8533829281359948,
          1.3377648110543436
        ],
        [
          0.0,
          0.0,
          0.0,
          1.0
        ]
      ],
      "camera_matrix_used_3x3": [
        [
          1048.622567619535,
          0.0,
          635.2911814683853
        ],
        [
          0.0,
          1054.9322577203714,
          385.46749871934645
        ],
        [
          0.0,
          0.0,
          1.0
        ]
      ],
      "intrinsics_scale": {
        "sx": 0.6666666666666666,
        "sy": 0.6666666666666666
      }
    },
    {
      "pose_id": 7,
      "image": "img7_cam1.png",
      "success": true,
      "rvec_rad": [
        -0.508709187485103,
        -0.1485248742731861,
        -0.030092018920062982
      ],
      "tvec_m": [
        -0.4418600421860644,
        -0.1823545757199108,
        1.420066077676813
      ],
      "R_3x3": [
        [
          0.9887844984465456,
          0.06559799690705988,
          -0.13417197335358327
        ],
        [
          0.008200555940442032,
          0.8731748893306019,
          0.4873380382493848
        ],
        [
          0.1491239971100593,
          -0.482972582497467,
          0.8628438549596599
        ]
      ],
      "reproj_rmse_px": 0.17565611030285955,
      "T_board_to_cam_4x4": [
        [
          0.9887844984465456,
          0.06559799690705988,
          -0.13417197335358327,
          -0.4418600421860644
        ],
        [
          0.008200555940442032,
          0.8731748893306019,
          0.4873380382493848,
          -0.1823545757199108
        ],
        [
          0.1491239971100593,
          -0.482972582497467,
          0.8628438549596599,
          1.420066077676813
        ],
        [
          0.0,
          0.0,
          0.0,
          1.0
        ]
      ],
      "camera_matrix_used_3x3": [
        [
          1048.622567619535,
          0.0,
          635.2911814683853
        ],
        [
          0.0,
          1054.9322577203714,
          385.46749871934645
        ],
        [
          0.0,
          0.0,
          1.0
        ]
      ],
      "intrinsics_scale": {
        "sx": 0.6666666666666666,
        "sy": 0.6666666666666666
      }
    },
    {
      "pose_id": 8,
      "image": "img8_cam1.png",
      "success": true,
      "rvec_rad": [
        -0.3420080644513243,
        -0.35374849069521386,
        -0.07322534666785602
      ],
      "tvec_m": [
        -0.3683884455729155,
        -0.2564330193010393,
        1.3711126205406217
      ],
      "R_3x3": [
        [
          0.936084590578814,
          0.12949748579140719,
          -0.3270719193917426
        ],
        [
          -0.010987163011641224,
          0.9400852945228642,
          0.3407622650335796
        ],
        [
          0.35160335824597855,
          -0.3153887128537802,
          0.8814221680185869
        ]
      ],
      "reproj_rmse_px": 0.17324433240834103,
      "T_board_to_cam_4x4": [
        [
          0.936084590578814,
          0.12949748579140719,
          -0.3270719193917426,
          -0.3683884455729155
        ],
        [
          -0.010987163011641224,
          0.9400852945228642,
          0.3407622650335796,
          -0.2564330193010393
        ],
        [
          0.35160335824597855,
          -0.3153887128537802,
          0.8814221680185869,
          1.3711126205406217
        ],
        [
          0.0,
          0.0,
          0.0,
          1.0
        ]
      ],
      "camera_matrix_used_3x3": [
        [
          1048.622567619535,
          0.0,
          635.2911814683853
        ],
        [
          0.0,
          1054.9322577203714,
          385.46749871934645
        ],
        [
          0.0,
          0.0,
          1.0
        ]
      ],
      "intrinsics_scale": {
        "sx": 0.6666666666666666,
        "sy": 0.6666666666666666
      }
    },
    {
      "pose_id": 9,
      "image": "img9_cam1.png",
      "success": true,
      "rvec_rad": [
        -0.22459277387981022,
        -0.5621716125941401,
        0.15446017754029734
      ],
      "tvec_m": [
        -0.4731427610629023,
        0.08756272226217694,
        1.317643861573942
      ],
      "R_3x3": [
        [
          0.8355091993260746,
          -0.08350301745955044,
          -0.5430944889396796
        ],
        [
          0.20570878218924896,
          0.9640428712462441,
          0.16824160998253007
        ],
        [
          0.5095176883796262,
          -0.25228671878330744,
          0.8226439915016912
        ]
      ],
      "reproj_rmse_px": 0.11781160186538878,
      "T_board_to_cam_4x4": [
        [
          0.8355091993260746,
          -0.08350301745955044,
          -0.5430944889396796,
          -0.4731427610629023
        ],
        [
          0.20570878218924896,
          0.9640428712462441,
          0.16824160998253007,
          0.08756272226217694
        ],
        [
          0.5095176883796262,
          -0.25228671878330744,
          0.8226439915016912,
          1.317643861573942
        ],
        [
          0.0,
          0.0,
          0.0,
          1.0
        ]
      ],
      "camera_matrix_used_3x3": [
        [
          1048.622567619535,
          0.0,
          635.2911814683853
        ],
        [
          0.0,
          1054.9322577203714,
          385.46749871934645
        ],
        [
          0.0,
          0.0,
          1.0
        ]
      ],
      "intrinsics_scale": {
        "sx": 0.6666666666666666,
        "sy": 0.6666666666666666
      }
    },
    {
      "pose_id": 10,
      "image": "img10_cam1.png",
      "success": true,
      "rvec_rad": [
        -0.41801465539444244,
        -0.09445287001684152,
        0.11889507740834718
      ],
      "tvec_m": [
        -0.31416468484914195,
        0.018276238618725453,
        1.521251339676747
      ],
      "R_3x3": [
        [
          0.9886600846733318,
          -0.09559612208163211,
          -0.11581285946160767
        ],
        [
          0.13443229627595482,
          0.9071102001084488,
          0.3988471418691425
        ],
        [
          0.06692678605531797,
          -0.4098932376877712,
          0.9096748534537722
        ]
      ],
      "reproj_rmse_px": 0.1267468514298098,
      "T_board_to_cam_4x4": [
        [
          0.9886600846733318,
          -0.09559612208163211,
          -0.11581285946160767,
          -0.31416468484914195
        ],
        [
          0.13443229627595482,
          0.9071102001084488,
          0.3988471418691425,
          0.018276238618725453
        ],
        [
          0.06692678605531797,
          -0.4098932376877712,
          0.9096748534537722,
          1.521251339676747
        ],
        [
          0.0,
          0.0,
          0.0,
          1.0
        ]
      ],
      "camera_matrix_used_3x3": [
        [
          1048.622567619535,
          0.0,
          635.2911814683853
        ],
        [
          0.0,
          1054.9322577203714,
          385.46749871934645
        ],
        [
          0.0,
          0.0,
          1.0
        ]
      ],
      "intrinsics_scale": {
        "sx": 0.6666666666666666,
        "sy": 0.6666666666666666
      }
    },
    {
      "pose_id": 11,
      "image": "img11_cam1.png",
      "success": true,
      "rvec_rad": [
        -0.2897864674386146,
        -0.22099757938629466,
        0.16240086359257777
      ],
      "tvec_m": [
        -0.2521842505755051,
        -0.0642561266174135,
        1.4947783116062048
      ],
      "R_3x3": [
        [
          0.9628892634687641,
          -0.1265277442998739,
          -0.23840091488701687
        ],
        [
          0.1897247746497046,
          0.9455529531683826,
          0.26445060529079756
        ],
        [
          0.1919603505432821,
          -0.2998672084055476,
          0.9344682344212477
        ]
      ],
      "reproj_rmse_px": 0.1115098864381122,
      "T_board_to_cam_4x4": [
        [
          0.9628892634687641,
          -0.1265277442998739,
          -0.23840091488701687,
          -0.2521842505755051
        ],
        [
          0.1897247746497046,
          0.9455529531683826,
          0.26445060529079756,
          -0.0642561266174135
        ],
        [
          0.1919603505432821,
          -0.2998672084055476,
          0.9344682344212477,
          1.4947783116062048
        ],
        [
          0.0,
          0.0,
          0.0,
          1.0
        ]
      ],
      "camera_matrix_used_3x3": [
        [
          1048.622567619535,
          0.0,
          635.2911814683853
        ],
        [
          0.0,
          1054.9322577203714,
          385.46749871934645
        ],
        [
          0.0,
          0.0,
          1.0
        ]
      ],
      "intrinsics_scale": {
        "sx": 0.6666666666666666,
        "sy": 0.6666666666666666
      }
    },
    {
      "pose_id": 12,
      "image": "img12_cam1.png",
      "success": true,
      "rvec_rad": [
        -0.21579509435645974,
        -0.1628456523179029,
        -0.09767590505492835
      ],
      "tvec_m": [
        -0.25025257388314304,
        -0.10974772443705003,
        1.47026119268244
      ],
      "R_3x3": [
        [
          0.9820941584651472,
          0.11378633843793311,
          -0.15014570621074133
        ],
        [
          -0.0788863478279375,
          0.9721385842438433,
          0.2207340416672195
        ],
        [
          0.17107895263592118,
          -0.20493716649076682,
          0.9637078134765391
        ]
      ],
      "reproj_rmse_px": 0.10277345915386278,
      "T_board_to_cam_4x4": [
        [
          0.9820941584651472,
          0.11378633843793311,
          -0.15014570621074133,
          -0.25025257388314304
        ],
        [
          -0.0788863478279375,
          0.9721385842438433,
          0.2207340416672195,
          -0.10974772443705003
        ],
        [
          0.17107895263592118,
          -0.20493716649076682,
          0.9637078134765391,
          1.47026119268244
        ],
        [
          0.0,
          0.0,
          0.0,
          1.0
        ]
      ],
      "camera_matrix_used_3x3": [
        [
          1048.622567619535,
          0.0,
          635.2911814683853
        ],
        [
          0.0,
          1054.9322577203714,
          385.46749871934645
        ],
        [
          0.0,
          0.0,
          1.0
        ]
      ],
      "intrinsics_scale": {
        "sx": 0.6666666666666666,
        "sy": 0.6666666666666666
      }
    },
    {
      "pose_id": 13,
      "image": "img13_cam1.png",
      "success": true,
      "rvec_rad": [
        -0.058513728335775006,
        -0.1243361839703665,
        -0.029188473104895262
      ],
      "tvec_m": [
        -0.20039356493767235,
        -0.15949582469020404,
        1.3863280263435953
      ],
      "R_3x3": [
        [
          0.9918576773592773,
          0.032724268742787006,
          -0.1230750588003495
        ],
        [
          -0.025460852329485265,
          0.9978656020339965,
          0.060133063085009236
        ],
        [
          0.1247801781619011,
          -0.056509844386437746,
          0.9905738461242073
        ]
      ],
      "reproj_rmse_px": 0.07883167116330901,
      "T_board_to_cam_4x4": [
        [
          0.9918576773592773,
          0.032724268742787006,
          -0.1230750588003495,
          -0.20039356493767235
        ],
        [
          -0.025460852329485265,
          0.9978656020339965,
          0.060133063085009236,
          -0.15949582469020404
        ],
        [
          0.1247801781619011,
          -0.056509844386437746,
          0.9905738461242073,
          1.3863280263435953
        ],
        [
          0.0,
          0.0,
          0.0,
          1.0
        ]
      ],
      "camera_matrix_used_3x3": [
        [
          1048.622567619535,
          0.0,
          635.2911814683853
        ],
        [
          0.0,
          1054.9322577203714,
          385.46749871934645
        ],
        [
          0.0,
          0.0,
          1.0
        ]
      ],
      "intrinsics_scale": {
        "sx": 0.6666666666666666,
        "sy": 0.6666666666666666
      }
    },
    {
      "pose_id": 14,
      "image": "img14_cam1.png",
      "success": true,
      "rvec_rad": [
        -0.018061454497831142,
        -0.10690570208464989,
        0.1403081603175711
      ],
      "tvec_m": [
        -0.23470918073442568,
        -0.19044494486541472,
        1.3795362564045142
      ],
      "R_3x3": [
        [
          0.9844831155791092,
          -0.13861115789989759,
          -0.10761013913800146
        ],
        [
          0.14053697655768232,
          0.9900198922320014,
          0.010486715642274103
        ],
        [
          0.10508260255473229,
          -0.025447198089104436,
          0.9941378610382656
        ]
      ],
      "reproj_rmse_px": 0.0925215777591829,
      "T_board_to_cam_4x4": [
        [
          0.9844831155791092,
          -0.13861115789989759,
          -0.10761013913800146,
          -0.23470918073442568
        ],
        [
          0.14053697655768232,
          0.9900198922320014,
          0.010486715642274103,
          -0.19044494486541472
        ],
        [
          0.10508260255473229,
          -0.025447198089104436,
          0.9941378610382656,
          1.3795362564045142
        ],
        [
          0.0,
          0.0,
          0.0,
          1.0
        ]
      ],
      "camera_matrix_used_3x3": [
        [
          1048.622567619535,
          0.0,
          635.2911814683853
        ],
        [
          0.0,
          1054.9322577203714,
          385.46749871934645
        ],
        [
          0.0,
          0.0,
          1.0
        ]
      ],
      "intrinsics_scale": {
        "sx": 0.6666666666666666,
        "sy": 0.6666666666666666
      }
    },
    {
      "pose_id": 15,
      "image": "img15_cam1.png",
      "success": true,
      "rvec_rad": [
        -0.23892746579307922,
        -0.027079412079531497,
        -0.1535832498976932
      ],
      "tvec_m": [
        -0.2478362594094265,
        -0.2096018789764428,
        1.432643087433109
      ],
      "R_3x3": [
        [
          0.9879217184980328,
          0.1547210330270149,
          -0.008489997582272021
        ],
        [
          -0.14829479107495225,
          0.9599358290812028,
          0.237764292916788
        ],
        [
          0.044936989885058856,
          -0.23363348643813295,
          0.9712857771813778
        ]
      ],
      "reproj_rmse_px": 0.13942241348772477,
      "T_board_to_cam_4x4": [
        [
          0.9879217184980328,
          0.1547210330270149,
          -0.008489997582272021,
          -0.2478362594094265
        ],
        [
          -0.14829479107495225,
          0.9599358290812028,
          0.237764292916788,
          -0.2096018789764428
        ],
        [
          0.044936989885058856,
          -0.23363348643813295,
          0.9712857771813778,
          1.432643087433109
        ],
        [
          0.0,
          0.0,
          0.0,
          1.0
        ]
      ],
      "camera_matrix_used_3x3": [
        [
          1048.622567619535,
          0.0,
          635.2911814683853
        ],
        [
          0.0,
          1054.9322577203714,
          385.46749871934645
        ],
        [
          0.0,
          0.0,
          1.0
        ]
      ],
      "intrinsics_scale": {
        "sx": 0.6666666666666666,
        "sy": 0.6666666666666666
      }
    },
    {
      "pose_id": 16,
      "image": "img16_cam1.png",
      "success": true,
      "rvec_rad": [
        -0.0272720830374529,
        -0.1708505490726735,
        -0.2299305494322869
      ],
      "tvec_m": [
        -0.19058239780391906,
        -0.20597447432785834,
        1.3894808556255462
      ],
      "R_3x3": [
        [
          0.959253341843118,
          0.22908424650968573,
          -0.16538873650856598
        ],
        [
          -0.2244568584220385,
          0.9733785428702091,
          0.046403997534452075
        ],
        [
          0.17161627216007017,
          -0.007390553494699956,
          0.9851361504121766
        ]
      ],
      "reproj_rmse_px": 0.08983488752876492,
      "T_board_to_cam_4x4": [
        [
          0.959253341843118,
          0.22908424650968573,
          -0.16538873650856598,
          -0.19058239780391906
        ],
        [
          -0.2244568584220385,
          0.9733785428702091,
          0.046403997534452075,
          -0.20597447432785834
        ],
        [
          0.17161627216007017,
          -0.007390553494699956,
          0.9851361504121766,
          1.3894808556255462
        ],
        [
          0.0,
          0.0,
          0.0,
          1.0
        ]
      ],
      "camera_matrix_used_3x3": [
        [
          1048.622567619535,
          0.0,
          635.2911814683853
        ],
        [
          0.0,
          1054.9322577203714,
          385.46749871934645
        ],
        [
          0.0,
          0.0,
          1.0
        ]
      ],
      "intrinsics_scale": {
        "sx": 0.6666666666666666,
        "sy": 0.6666666666666666
      }
    },
    {
      "pose_id": 17,
      "image": "img17_cam1.png",
      "success": true,
      "rvec_rad": [
        0.06972237204615214,
        -0.09482460589787998,
        -0.01020779127181737
      ],
      "tvec_m": [
        -0.1612332667781225,
        -0.2864158507278725,
        1.2447679789169055
      ],
      "R_3x3": [
        [
          0.995457334787396,
          0.0068822074390621395,
          -0.0949596221493114
        ],
        [
          -0.013485917799372707,
          0.9975201821890501,
          -0.06907688576240754
        ],
        [
          0.0942487381299232,
          0.07004371025502475,
          0.9930815948423509
        ]
      ],
      "reproj_rmse_px": 0.12271536512656968,
      "T_board_to_cam_4x4": [
        [
          0.995457334787396,
          0.0068822074390621395,
          -0.0949596221493114,
          -0.1612332667781225
        ],
        [
          -0.013485917799372707,
          0.9975201821890501,
          -0.06907688576240754,
          -0.2864158507278725
        ],
        [
          0.0942487381299232,
          0.07004371025502475,
          0.9930815948423509,
          1.2447679789169055
        ],
        [
          0.0,
          0.0,
          0.0,
          1.0
        ]
      ],
      "camera_matrix_used_3x3": [
        [
          1048.622567619535,
          0.0,
          635.2911814683853
        ],
        [
          0.0,
          1054.9322577203714,
          385.46749871934645
        ],
        [
          0.0,
          0.0,
          1.0
        ]
      ],
      "intrinsics_scale": {
        "sx": 0.6666666666666666,
        "sy": 0.6666666666666666
      }
    },
    {
      "pose_id": 18,
      "image": "img18_cam1.png",
      "success": true,
      "rvec_rad": [
        -0.13152223553577413,
        -0.04946293237284389,
        0.10889437538752134
      ],
      "tvec_m": [
        -0.13850872651608026,
        -0.35112312026817016,
        1.2195749188299165
      ],
      "R_3x3": [
        [
          0.9928665327686073,
          -0.10507754178419083,
          -0.05634499374954117
        ],
        [
          0.11156590273348017,
          0.9854603099449218,
          0.12814455458786425
        ],
        [
          0.04206064021514467,
          -0.13351661969901016,
          0.9901536319222598
        ]
      ],
      "reproj_rmse_px": 0.14266583934616356,
      "T_board_to_cam_4x4": [
        [
          0.9928665327686073,
          -0.10507754178419083,
          -0.05634499374954117,
          -0.13850872651608026
        ],
        [
          0.11156590273348017,
          0.9854603099449218,
          0.12814455458786425,
          -0.35112312026817016
        ],
        [
          0.04206064021514467,
          -0.13351661969901016,
          0.9901536319222598,
          1.2195749188299165
        ],
        [
          0.0,
          0.0,
          0.0,
          1.0
        ]
      ],
      "camera_matrix_used_3x3": [
        [
          1048.622567619535,
          0.0,
          635.2911814683853
        ],
        [
          0.0,
          1054.9322577203714,
          385.46749871934645
        ],
        [
          0.0,
          0.0,
          1.0
        ]
      ],
      "intrinsics_scale": {
        "sx": 0.6666666666666666,
        "sy": 0.6666666666666666
      }
    },
    {
      "pose_id": 19,
      "image": "img19_cam1.png",
      "success": true,
      "rvec_rad": [
        -0.2072149228940533,
        -0.2878676542425306,
        -0.12101363200942807
      ],
      "tvec_m": [
        -0.15289771060147794,
        -0.35813211586657534,
        1.220623690777198
      ],
      "R_3x3": [
        [
          0.9518119416487879,
          0.14767851608283164,
          -0.26878445569328824
        ],
        [
          -0.08872294156936256,
          0.9715442414535482,
          0.2196133569201314
        ],
        [
          0.29356816478297487,
          -0.18518326810493002,
          0.9378298832090678
        ]
      ],
      "reproj_rmse_px": 0.19623253198587387,
      "T_board_to_cam_4x4": [
        [
          0.9518119416487879,
          0.14767851608283164,
          -0.26878445569328824,
          -0.15289771060147794
        ],
        [
          -0.08872294156936256,
          0.9715442414535482,
          0.2196133569201314,
          -0.35813211586657534
        ],
        [
          0.29356816478297487,
          -0.18518326810493002,
          0.9378298832090678,
          1.220623690777198
        ],
        [
          0.0,
          0.0,
          0.0,
          1.0
        ]
      ],
      "camera_matrix_used_3x3": [
        [
          1048.622567619535,
          0.0,
          635.2911814683853
        ],
        [
          0.0,
          1054.9322577203714,
          385.46749871934645
        ],
        [
          0.0,
          0.0,
          1.0
        ]
      ],
      "intrinsics_scale": {
        "sx": 0.6666666666666666,
        "sy": 0.6666666666666666
      }
    },
    {
      "pose_id": 20,
      "image": "img20_cam1.png",
      "success": true,
      "rvec_rad": [
        -0.13025366759505214,
        -0.2542937857750194,
        0.05155815301360002
      ],
      "tvec_m": [
        -0.15772293632852152,
        -0.37255912429378807,
        1.2033176349876804
      ],
      "R_3x3": [
        [
          0.9665739952068119,
          -0.03439155048844364,
          -0.2540707244940722
        ],
        [
          0.06728224321542078,
          0.9902565978184645,
          0.12192198417389975
        ],
        [
          0.24740212516840446,
          -0.13494106762583633,
          0.9594702166978173
        ]
      ],
      "reproj_rmse_px": 0.1687177028303913,
      "T_board_to_cam_4x4": [
        [
          0.9665739952068119,
          -0.03439155048844364,
          -0.2540707244940722,
          -0.15772293632852152
        ],
        [
          0.06728224321542078,
          0.9902565978184645,
          0.12192198417389975,
          -0.37255912429378807
        ],
        [
          0.24740212516840446,
          -0.13494106762583633,
          0.9594702166978173,
          1.2033176349876804
        ],
        [
          0.0,
          0.0,
          0.0,
          1.0
        ]
      ],
      "camera_matrix_used_3x3": [
        [
          1048.622567619535,
          0.0,
          635.2911814683853
        ],
        [
          0.0,
          1054.9322577203714,
          385.46749871934645
        ],
        [
          0.0,
          0.0,
          1.0
        ]
      ],
      "intrinsics_scale": {
        "sx": 0.6666666666666666,
        "sy": 0.6666666666666666
      }
    },
    {
      "pose_id": 21,
      "image": "img21_cam1.png",
      "success": true,
      "rvec_rad": [
        -0.27707887651579116,
        0.08412150540625422,
        -0.022441629129853674
      ],
      "tvec_m": [
        -0.09800185410169915,
        -0.019018380311560706,
        1.4053967513817534
      ],
      "R_3x3": [
        [
          0.9962365396120257,
          0.010555000427786372,
          0.08603109384301795
        ],
        [
          -0.03369990940282763,
          0.961632675186925,
          0.2722625830316742
        ],
        [
          -0.07985657924114921,
          -0.2741371736536428,
          0.9583693112642404
        ]
      ],
      "reproj_rmse_px": 0.10161742700263045,
      "T_board_to_cam_4x4": [
        [
          0.9962365396120257,
          0.010555000427786372,
          0.08603109384301795,
          -0.09800185410169915
        ],
        [
          -0.03369990940282763,
          0.961632675186925,
          0.2722625830316742,
          -0.019018380311560706
        ],
        [
          -0.07985657924114921,
          -0.2741371736536428,
          0.9583693112642404,
          1.4053967513817534
        ],
        [
          0.0,
          0.0,
          0.0,
          1.0
        ]
      ],
      "camera_matrix_used_3x3": [
        [
          1048.622567619535,
          0.0,
          635.2911814683853
        ],
        [
          0.0,
          1054.9322577203714,
          385.46749871934645
        ],
        [
          0.0,
          0.0,
          1.0
        ]
      ],
      "intrinsics_scale": {
        "sx": 0.6666666666666666,
        "sy": 0.6666666666666666
      }
    },
    {
      "pose_id": 22,
      "image": "img22_cam1.png",
      "success": true,
      "rvec_rad": [
        -0.12907280833443363,
        0.31775885436232076,
        -0.1216131965123209
      ],
      "tvec_m": [
        -0.0777612197963977,
        -0.055926242992655306,
        1.415464271035067
      ],
      "R_3x3": [
        [
          0.9427556673755741,
          0.09866518810519487,
          0.31855444163816393
        ],
        [
          -0.1392286181861591,
          0.9844479794370029,
          0.10713341057006892
        ],
        [
          -0.30302993830512626,
          -0.14535252470655174,
          0.9418309296536309
        ]
      ],
      "reproj_rmse_px": 0.1338294574843115,
      "T_board_to_cam_4x4": [
        [
          0.9427556673755741,
          0.09866518810519487,
          0.31855444163816393,
          -0.0777612197963977
        ],
        [
          -0.1392286181861591,
          0.9844479794370029,
          0.10713341057006892,
          -0.055926242992655306
        ],
        [
          -0.30302993830512626,
          -0.14535252470655174,
          0.9418309296536309,
          1.415464271035067
        ],
        [
          0.0,
          0.0,
          0.0,
          1.0
        ]
      ],
      "camera_matrix_used_3x3": [
        [
          1048.622567619535,
          0.0,
          635.2911814683853
        ],
        [
          0.0,
          1054.9322577203714,
          385.46749871934645
        ],
        [
          0.0,
          0.0,
          1.0
        ]
      ],
      "intrinsics_scale": {
        "sx": 0.6666666666666666,
        "sy": 0.6666666666666666
      }
    },
    {
      "pose_id": 23,
      "image": "img23_cam1.png",
      "success": true,
      "rvec_rad": [
        -0.03455956253585083,
        0.11562133371521986,
        -0.19639385498847184
      ],
      "tvec_m": [
        -0.050612967277120745,
        -0.10286978695568798,
        1.378879450179441
      ],
      "R_3x3": [
        [
          0.9741453635315355,
          0.192670216404469,
          0.11797880496372153
        ],
        [
          -0.19664837785176711,
          0.9802054242835007,
          0.022950853872376966
        ],
        [
          -0.11122151859366682,
          -0.045557808505871614,
          0.9927508548905214
        ]
      ],
      "reproj_rmse_px": 0.1004476125036221,
      "T_board_to_cam_4x4": [
        [
          0.9741453635315355,
          0.192670216404469,
          0.11797880496372153,
          -0.050612967277120745
        ],
        [
          -0.19664837785176711,
          0.9802054242835007,
          0.022950853872376966,
          -0.10286978695568798
        ],
        [
          -0.11122151859366682,
          -0.045557808505871614,
          0.9927508548905214,
          1.378879450179441
        ],
        [
          0.0,
          0.0,
          0.0,
          1.0
        ]
      ],
      "camera_matrix_used_3x3": [
        [
          1048.622567619535,
          0.0,
          635.2911814683853
        ],
        [
          0.0,
          1054.9322577203714,
          385.46749871934645
        ],
        [
          0.0,
          0.0,
          1.0
        ]
      ],
      "intrinsics_scale": {
        "sx": 0.6666666666666666,
        "sy": 0.6666666666666666
      }
    },
    {
      "pose_id": 24,
      "image": "img24_cam1.png",
      "success": true,
      "rvec_rad": [
        0.1257664798516106,
        0.002838551809558678,
        -0.20005137446394736
      ],
      "tvec_m": [
