{
  "configuration": "3cam",
  "cameras_used": [
    "cam1",
    "cam2",
    "cam3"
  ],
  "method": "multi_view_DLT_triangulation_followed_by_checkerboard_rigid_alignment",
  "image_directories": {
    "cam1": "03_extrinsic_calibration/images/cam1_images",
    "cam2": "03_extrinsic_calibration/images/cam2_images",
    "cam3": "03_extrinsic_calibration/images/cam3_images"
  },
  "pattern": {
    "cols": 9,
    "rows": 7,
    "square_size_m": 0.02
  },
  "pose_definition": "Main saved measurement is T_base_CB_4x4 estimated from 3-camera triangulation and rigid alignment.",
  "origin_convention": "Cam1 uses the validated board-origin convention. Cam2 and cam3 orderings are selected among 4 logical rotations by minimum 3-view reprojection error plus a small rigid-fit penalty.",
  "summary": {
    "num_images_total": 40,
    "num_success": 40,
    "num_failed": 0
  },
  "poses": [
    {
      "pose_id": 1,
      "images": {
        "cam1": "img1_cam1.png",
        "cam2": "img1_cam2.png",
        "cam3": "img1_cam3.png"
      },
      "success": true,
      "reproj_cam1_rmse_px": 5.286846514125886,
      "reproj_cam2_rmse_px": 5.539170197106697,
      "reproj_cam3_rmse_px": 3.5475489925922186,
      "reproj_mean_rmse_px": 4.7911885679416,
      "reproj_max_rmse_px": 5.539170197106697,
      "rigid_fit_rms_mm": 2.17291333346324,
      "cam2_rotation_index_selected": 2,
      "cam3_rotation_index_selected": 2,
      "T_base_CB_4x4": [
        [
          0.8894502388451718,
          0.0034298840224854126,
          -0.4570191555217996,
          0.11042267400853127
        ],
        [
          0.4569853580122286,
          -0.020964196314025737,
          0.8892271279236494,
          0.15496301741844432
        ],
        [
          -0.006531093377203351,
          -0.9997743437238719,
          -0.02021401619666319,
          0.5113395510058257
        ],
        [
          0.0,
          0.0,
          0.0,
          1.0
        ]
      ],
      "T_cam1_CB_4x4": [
        [
          0.8903202685066287,
          -0.009551759606672169,
          -0.4552346514189359,
          0.000730534803082189
        ],
        [
          0.010204478252577523,
          0.999947410222346,
          -0.0010236567322284827,
          -0.15136719653219927
        ],
        [
          0.4552204870603485,
          -0.0037340522130618063,
          0.8903709147867614,
          1.2711535012116932
        ],
        [
          0.0,
          0.0,
          0.0,
          1.0
        ]
      ],
      "T_cam2_CB_4x4": [
        [
          0.8858706082663164,
          -0.013703190883401658,
          -0.46372996336466665,
          0.24385274733141904
        ],
        [
          0.01187151777963336,
          0.9999059371423079,
          -0.006868802411736021,
          -0.16953602818634772
        ],
        [
          0.4637804740700129,
          0.000579690424810104,
          0.8859499581411152,
          1.2771604151031362
        ],
        [
          0.0,
          0.0,
          0.0,
          1.0
        ]
      ],
      "T_cam3_CB_4x4": [
        [
          0.899435844725329,
          -0.02891587410065867,
          -0.43609521144840335,
          0.13554792435107144
        ],
        [
          -0.031925323131407196,
          0.9907964791209769,
          -0.1315412889720562,
          -0.0640771846231516
        ],
        [
          0.43588523141555063,
          0.1322354309043895,
          0.8902347195247682,
          1.2788777929352335
        ],
        [
          0.0,
          0.0,
          0.0,
          1.0
        ]
      ],
      "triangulated_points_base_3d": [
        [
          0.10833391846202545,
          0.15394550352082123,
          0.5123651804980317
        ],
        [
          0.12670973253055,
          0.16323388272090592,
          0.5123926800838772
        ],
        [
          0.14518899195010712,
          0.17310274724817562,
          0.5123550173769404
        ],
        [
          0.16353597916642623,
          0.18303899718430708,
          0.5122729689544219
        ],
        [
          0.18144638998805201,
          0.19243609981502385,
          0.5121779743368986
        ],
        [
          0.19995881178967498,
          0.20195861401854118,
          0.5122022167652173
        ],
        [
          0.2184331409498295,
          0.21093807962285233,
          0.5121666867875277
        ],
        [
          0.2370506158661134,
          0.22097028382267184,
          0.5121549882364381
        ],
        [
          0.2557565809719926,
          0.22987654705664504,
          0.512105684420773
        ],
        [
          0.10848481853044076,
          0.15275416142353396,
          0.4919094548984085
        ],
        [
          0.12688381956073544,
          0.16244979753797772,
          0.4918943454566561
        ],
        [
          0.14527962602431457,
          0.17190022260161072,
          0.4918343363317189
        ],
        [
          0.16368126922682277,
          0.18201554526349617,
          0.4918219975999486
        ],
        [
          0.1816570387588951,
          0.19163214357071134,
          0.49180448932157916
        ],
        [
          0.20018155738915777,
          0.20128995129358201,
          0.4916839129238228
        ],
        [
          0.21863141255673055,
          0.2107777787391434,
          0.49166848315977674
        ],
        [
          0.23715093409974058,
          0.21976547570830823,
          0.4916141377809099
        ],
        [
          0.25556581591514627,
          0.22893529033070756,
          0.49162233814134454
        ],
        [
          0.10822918581062516,
          0.15263570525501086,
          0.47136217214676773
        ],
        [
          0.12662954842031698,
          0.16263959739181152,
          0.4713936354411691
        ],
        [
          0.1450514353977927,
          0.1714267563193441,
          0.4713205407082189
        ],
        [
          0.16353779028022422,
          0.1812250784678756,
          0.47128149236317
        ],
        [
          0.18190488998900134,
          0.19118069225513856,
          0.4712641854956947
        ],
        [
          0.20027372587643325,
          0.20048657566218855,
          0.47126950110392196
        ],
        [
          0.21892030679162372,
          0.20918927629593537,
          0.47119513003172625
        ],
        [
          0.23740031835330186,
          0.218305000425827,
          0.4712127649751461
        ],
        [
          0.2556643160154196,
          0.22807487108569177,
          0.47109047371819834
        ],
        [
          0.10851328064296453,
          0.1514702658577187,
          0.45097626607039903
        ],
        [
          0.1267392556898322,
          0.1615522576851844,
          0.45085862922513725
        ],
        [
          0.14498404836312614,
          0.1709957918536325,
          0.45086748755661077
        ],
        [
          0.16341340909517255,
          0.1808839475080131,
          0.450866090476392
        ],
        [
          0.1818771472351798,
          0.19054692613480628,
          0.4507779336204877
        ],
        [
          0.2002164995833722,
          0.19979153969714294,
          0.4507678343938335
        ],
        [
          0.21866316162379648,
          0.208544325301924,
          0.45075564742097246
        ],
        [
          0.2372569817134016,
          0.21765917902259427,
          0.450632595898369
        ],
        [
          0.2559157764718692,
          0.22721644313327422,
          0.45068306069482406
        ],
        [
          0.1079773459022287,
          0.151572809758371,
          0.43049798643282977
        ],
        [
          0.12663453751430376,
          0.16108501355557092,
          0.43045407182268663
        ],
        [
          0.14508394426668036,
          0.17028102639955067,
          0.43036422568460175
        ],
        [
          0.16335547677013523,
          0.18043927303688775,
          0.4303962225722681
        ],
        [
          0.18172760205633035,
          0.18990064048015723,
          0.4303963875895032
        ],
        [
          0.20008448699834522,
          0.19897138941367634,
          0.4303138583729076
        ],
        [
          0.2187710448790016,
          0.20870239664352447,
          0.43031893799285914
        ],
        [
          0.23712042175149312,
          0.2180520722344682,
          0.43028871531231605
        ],
        [
          0.2557065210906492,
          0.2274334256833873,
          0.4301957976246822
        ],
        [
          0.10812758870771047,
          0.15114613657002277,
          0.4100988974094625
        ],
        [
          0.12606056536834145,
          0.16038499776640183,
          0.41003842815463076
        ],
        [
          0.14471396209015852,
          0.17048917620543033,
          0.410022009643842
        ],
        [
          0.16296129403421164,
          0.18001295784704166,
          0.4099685456989259
        ],
        [
          0.1815312042829993,
          0.18951009590593382,
          0.40992565705411166
        ],
        [
          0.1999503710895897,
          0.19868696548898102,
          0.4098590615545278
        ],
        [
          0.21862543994041073,
          0.20849094666527862,
          0.4098604990573943
        ],
        [
          0.2370376157730953,
          0.2172020191611613,
          0.40980552187776487
        ],
        [
          0.25548790031855356,
          0.22703978441963657,
          0.409777513363643
        ],
        [
          0.10792613047415893,
          0.1510688404862677,
          0.38958135062463906
        ],
        [
          0.12620719287198642,
          0.1607049691916909,
          0.38959305225511753
        ],
        [
          0.14430355519716176,
          0.1703619415973048,
          0.389493164091284
        ],
        [
          0.16261968007506378,
          0.1803562679993311,
          0.38950506665687507
        ],
        [
          0.1810953531456839,
          0.18956777312772588,
          0.3894812125931162
        ],
        [
          0.1996335707512044,
          0.19864189250991102,
          0.3894279582101775
        ],
        [
          0.21829575523638753,
          0.20813183006389946,
          0.3893676598406207
        ],
        [
          0.23685094361020254,
          0.21735518831621792,
          0.3893747003727613
        ],
        [
          0.2554115926358385,
          0.22619645831664198,
          0.389299147190801
        ]
      ],
      "camera_matrix_used_cam1_3x3": [
        [
          1048.622567619535,
          0.0,
          635.2911814683853
        ],
        [
          0.0,
          1054.9322577203714,
          385.46749871934645
        ],
        [
          0.0,
          0.0,
          1.0
        ]
      ],
      "camera_matrix_used_cam2_3x3": [
        [
          1028.8717917949107,
          0.0,
          655.710477415902
        ],
        [
          0.0,
          1034.5909581372066,
          399.16485638424734
        ],
        [
          0.0,
          0.0,
          1.0
        ]
      ],
      "camera_matrix_used_cam3_3x3": [
        [
          1047.1244025284163,
          0.0,
          696.8201967091475
        ],
        [
          0.0,
          1053.6354475186754,
          371.69556946206586
        ],
        [
          0.0,
          0.0,
          1.0
        ]
      ],
      "intrinsics_scale_cam1": {
        "sx": 0.6666666666666666,
        "sy": 0.6666666666666666
      },
      "intrinsics_scale_cam2": {
        "sx": 0.6666666666666666,
        "sy": 0.6666666666666666
      },
      "intrinsics_scale_cam3": {
        "sx": 0.6666666666666666,
        "sy": 0.6666666666666666
      },
      "actual_image_size_wh": {
        "cam1": {
          "width": 1280,
          "height": 720
        },
        "cam2": {
          "width": 1280,
          "height": 720
        },
        "cam3": {
          "width": 1280,
          "height": 720
        }
      }
    },
    {
      "pose_id": 2,
      "images": {
        "cam1": "img2_cam1.png",
        "cam2": "img2_cam2.png",
        "cam3": "img2_cam3.png"
      },
      "success": true,
      "reproj_cam1_rmse_px": 4.854626525908852,
      "reproj_cam2_rmse_px": 5.733423332564995,
      "reproj_cam3_rmse_px": 3.105492470242297,
      "reproj_mean_rmse_px": 4.564514109572048,
      "reproj_max_rmse_px": 5.733423332564995,
      "rigid_fit_rms_mm": 1.949976460318411,
      "cam2_rotation_index_selected": 2,
      "cam3_rotation_index_selected": 2,
      "T_base_CB_4x4": [
        [
          0.8680692075578681,
          -0.011183198321399392,
          -0.4963172241270288,
          -0.0230269601669384
        ],
        [
          0.49636755788548653,
          0.0021000962302177035,
          0.8681099222302567,
          0.16715302149132483
        ],
        [
          -0.008665931493694275,
          -0.9999352607399783,
          0.007374005710502433,
          0.5988136443140247
        ],
        [
          0.0,
          0.0,
          0.0,
          1.0
        ]
      ],
      "T_cam1_CB_4x4": [
        [
          0.8690023312811014,
          -0.024113617450840584,
          -0.4942200786686686,
          -0.13154843556677737
        ],
        [
          0.011383654890491323,
          0.9995217631869519,
          -0.02875169172190795,
          -0.24076212560282467
        ],
        [
          0.49467703021344145,
          0.01935925380053399,
          0.8688612409096759,
          1.2821051600472597
        ],
        [
          0.0,
          0.0,
          0.0,
          1.0
        ]
      ],
      "T_cam2_CB_4x4": [
        [
          0.864171137832211,
          -0.02848356749169,
          -0.5023912040167942,
          0.11185052788896423
        ],
        [
          0.012786901899364298,
          0.9993172744841756,
          -0.034662322062093846,
          -0.2595263527672217
        ],
        [
          0.5030355212530546,
          0.023530149992986128,
          0.8639453622184758,
          1.2864487582256394
        ],
        [
          0.0,
          0.0,
          0.0,
          1.0
        ]
      ],
      "T_cam3_CB_4x4": [
        [
          0.8789429172612433,
          -0.0429724836903008,
          -0.4749870670258103,
          0.005280743215114568
        ],
        [
          -0.03656673673409102,
          0.9869288169380285,
          -0.15695344552421686,
          -0.15701937956302636
        ],
        [
          0.4755231034985732,
          0.15532184631528959,
          0.8658827299907853,
          1.2800301729095203
        ],
        [
          0.0,
          0.0,
          0.0,
          1.0
        ]
      ],
      "triangulated_points_base_3d": [
        [
          -0.024642614551050573,
          0.16651528728792847,
          0.5998069782145805
        ],
        [
          -0.006750539921126659,
          0.17652318873956013,
          0.5997937072755228
        ],
        [
          0.011261076555040415,
          0.18726940218164534,
          0.5997127127672611
        ],
        [
          0.029005955483418704,
          0.19684892366107698,
          0.5995896806707804
        ],
        [
          0.04638186959544641,
          0.20791632394748916,
          0.5994863803558539
        ],
        [
          0.06434351370448081,
          0.2182152032823068,
          0.5994509204915123
        ],
        [
          0.08236085437677011,
          0.22848345626739355,
          0.599427789190734
        ],
        [
          0.10038884629497728,
          0.23884818922665182,
          0.5993518580900872
        ],
        [
          0.11849529231375412,
          0.2481462114039868,
          0.5992515148658447
        ],
        [
          -0.02471318934574057,
          0.16586595269698037,
          0.5792670919139381
        ],
        [
          -0.006911850667325397,
          0.17584740013119146,
          0.5791866413832368
        ],
        [
          0.010956202377688911,
          0.18626572402482122,
          0.5791323376254598
        ],
        [
          0.02874265246570558,
          0.1962773093771475,
          0.5789904064535841
        ],
        [
          0.046321066209211524,
          0.20722046055529356,
          0.5790071057588584
        ],
        [
          0.06420360095212964,
          0.2178584358310632,
          0.5789869145759315
        ],
        [
          0.08216308606784666,
          0.22834133519055683,
          0.5789322493686144
        ],
        [
          0.10012995563668073,
          0.23782220378897181,
          0.5788563147119319
        ],
        [
          0.11801574763788665,
          0.24810536475830702,
          0.5787914949973132
        ],
        [
          -0.025397917742509414,
          0.16584351611548837,
          0.5587600273391067
        ],
        [
          -0.007557401728421159,
          0.17623775563363556,
          0.5587280332035057
        ],
        [
          0.010476353082781156,
          0.18643182582297324,
          0.5586725711119968
        ],
        [
          0.028331284718012335,
          0.19652032589929508,
          0.5585686888752444
        ],
        [
          0.04617568470425352,
          0.20706638873213032,
          0.558526141648559
        ],
        [
          0.06402602751620952,
          0.21709684042100286,
          0.5585221022819357
        ],
        [
          0.08211014814465951,
          0.22721201257192242,
          0.558449092927105
        ],
        [
          0.10011904493595958,
          0.23709955129529622,
          0.5584124889141242
        ],
        [
          0.11795471312901804,
          0.24785206194292464,
          0.5583204241398347
        ],
        [
          -0.025383288640359786,
          0.16538122120253357,
          0.5382865820918907
        ],
        [
          -0.007689364686163376,
          0.1756482264963073,
          0.5382132678667855
        ],
        [
          0.010061234603108888,
          0.18644917676949624,
          0.5382424185857939
        ],
        [
          0.027890152547422768,
          0.19658175624709565,
          0.5381115798978537
        ],
        [
          0.045708948240895456,
          0.20647263352033188,
          0.5381264632557262
        ],
        [
          0.06365085909384863,
          0.2171602120259452,
          0.5380190205674067
        ],
        [
          0.0816031688892704,
          0.22756423649276397,
          0.5379848001860817
        ],
        [
          0.09976631543294266,
          0.2370403017465644,
          0.5378746644080299
        ],
        [
          0.11779022722686505,
          0.24680839789077547,
          0.5378235263689575
        ],
        [
          -0.026173060840280694,
          0.16563156281686955,
          0.5178470249780561
        ],
        [
          -0.008159303480429368,
          0.17597374757453857,
          0.5178095733422303
        ],
        [
          0.009906240968919495,
          0.18592130872215065,
          0.5177352591236222
        ],
        [
          0.027519561103000106,
          0.19667971903336,
          0.5177089438004862
        ],
        [
          0.04532177660241681,
          0.20665097092708037,
          0.5176276060473712
        ],
        [
          0.06328309545363309,
          0.21735094332487623,
          0.5176170861831567
        ],
        [
          0.08130380554850908,
          0.22714876048223967,
          0.5175676484101613
        ],
        [
          0.0991107942848962,
          0.2371917587946562,
          0.5175007042871786
        ],
        [
          0.11710062229344427,
          0.24714069872181985,
          0.5173739006138535
        ],
        [
          -0.026318968080152678,
          0.16561403258271085,
          0.4974678146528611
        ],
        [
          -0.008872526635205715,
          0.17683821220271503,
          0.49746428954520083
        ],
        [
          0.009072010558122076,
          0.1867641073131636,
          0.4973709147295541
        ],
        [
          0.02680240062891952,
          0.1968823182659214,
          0.49732259250910277
        ],
        [
          0.04485180288215347,
          0.20736640583447238,
          0.4972690088644831
        ],
        [
          0.06266553159097747,
          0.21721467076634055,
          0.4971474109094797
        ],
        [
          0.08080069157765396,
          0.2273290788373299,
          0.49711527870871186
        ],
        [
          0.09872383433894318,
          0.23702175405271236,
          0.49700742753533855
        ],
        [
          0.11655126613148425,
          0.24707994249292056,
          0.49699461351337076
        ],
        [
          -0.026834339202764988,
          0.1660474310168263,
          0.4769921225668894
        ],
        [
          -0.009230767269663582,
          0.17632705142306124,
          0.4769994928637549
        ],
        [
          0.008436155536801684,
          0.1872862045723752,
          0.4768978733918087
        ],
        [
          0.026159872319955563,
          0.1974000007932967,
          0.4769011162462069
        ],
        [
          0.0440400115431436,
          0.20805634150310398,
          0.47681977390465413
        ],
        [
          0.06205099709043596,
          0.21779377867225025,
          0.47672934723216764
        ],
        [
          0.0801773895122574,
          0.22751592953030977,
          0.47668325247710275
        ],
        [
          0.09817844065147256,
          0.2377542509532449,
          0.47664855078434326
        ],
        [
          0.11624277615741585,
          0.2474534150573384,
          0.4765453918560825
        ]
      ],
      "camera_matrix_used_cam1_3x3": [
        [
          1048.622567619535,
          0.0,
          635.2911814683853
        ],
        [
          0.0,
          1054.9322577203714,
          385.46749871934645
        ],
        [
          0.0,
          0.0,
          1.0
        ]
      ],
      "camera_matrix_used_cam2_3x3": [
        [
          1028.8717917949107,
          0.0,
          655.710477415902
        ],
        [
          0.0,
          1034.5909581372066,
          399.16485638424734
        ],
        [
          0.0,
          0.0,
          1.0
        ]
      ],
      "camera_matrix_used_cam3_3x3": [
        [
          1047.1244025284163,
          0.0,
          696.8201967091475
        ],
        [
          0.0,
          1053.6354475186754,
          371.69556946206586
        ],
        [
          0.0,
          0.0,
          1.0
        ]
      ],
      "intrinsics_scale_cam1": {
        "sx": 0.6666666666666666,
        "sy": 0.6666666666666666
      },
      "intrinsics_scale_cam2": {
        "sx": 0.6666666666666666,
        "sy": 0.6666666666666666
      },
      "intrinsics_scale_cam3": {
        "sx": 0.6666666666666666,
        "sy": 0.6666666666666666
      },
      "actual_image_size_wh": {
        "cam1": {
          "width": 1280,
          "height": 720
        },
        "cam2": {
          "width": 1280,
          "height": 720
        },
        "cam3": {
          "width": 1280,
          "height": 720
        }
      }
    },
    {
      "pose_id": 3,
      "images": {
        "cam1": "img3_cam1.png",
        "cam2": "img3_cam2.png",
        "cam3": "img3_cam3.png"
      },
      "success": true,
      "reproj_cam1_rmse_px": 3.9387776937538734,
      "reproj_cam2_rmse_px": 5.235654220944024,
      "reproj_cam3_rmse_px": 2.3002517630605106,
      "reproj_mean_rmse_px": 3.8248945592528028,
      "reproj_max_rmse_px": 5.235654220944024,
      "rigid_fit_rms_mm": 1.672062544156482,
      "cam2_rotation_index_selected": 2,
      "cam3_rotation_index_selected": 2,
      "T_base_CB_4x4": [
        [
          0.8482253245500286,
          0.04034554463197042,
          -0.5280966159902449,
          -0.11703722674828526
        ],
        [
          0.5296292649728261,
          -0.06946499983702496,
          0.8453800656994379,
          0.2925486498277708
        ],
        [
          -0.0025769121720410435,
          -0.9967682031575806,
          -0.08029015317998703,
          0.5504410925787867
        ],
        [
          0.0,
          0.0,
          0.0,
          1.0
        ]
      ],
      "T_cam1_CB_4x4": [
        [
          0.8493139901810592,
          0.027290162627453072,
          -0.5271821294242761,
          -0.22589342539669843
        ],
        [
          0.004466161199376347,
          0.9982556101194026,
          0.05887098376255311,
          -0.19577855686901396
        ],
        [
          0.5278691153746028,
          -0.052354432794454266,
          0.8477105704684885,
          1.4085068967992926
        ],
        [
          0.0,
          0.0,
          0.0,
          1.0
        ]
      ],
      "T_cam2_CB_4x4": [
        [
          0.8441950590223191,
          0.023609298709890966,
          -0.5355159141327606,
          0.01611212541036873
        ],
        [
          0.005640368324574407,
          0.9985830300446481,
          0.05291611158630228,
          -0.21549661953365584
        ],
        [
          0.5360064223800582,
          -0.04769202810139669,
          0.8428656940003811,
          1.4121366182287693
        ],
        [
          0.0,
          0.0,
          0.0,
          1.0
        ]
      ],
      "T_cam3_CB_4x4": [
        [
          0.8601018944787034,
          0.00690967620568273,
          -0.5100754723458847,
          -0.08720538312755372
        ],
        [
          -0.0483445762164997,
          0.9965119102727913,
          -0.068020692696556,
          -0.13164472430441587
        ],
        [
          0.5078262823688746,
          0.08316410920105416,
          0.8574358272641768,
          1.4130878329468173
        ],
        [
          0.0,
          0.0,
          0.0,
          1.0
        ]
      ],
      "triangulated_points_base_3d": [
        [
          -0.11838525621973076,
          0.29174802006196726,
          0.551179530482239
        ],
        [
          -0.10097500146034497,
          0.3027002002896258,
          0.5512743741356877
        ],
        [
          -0.08348210606840606,
          0.31351779146013187,
          0.5512796151184175
        ],
        [
          -0.06619827288863075,
          0.3246233341629917,
          0.5513182277021735
        ],
        [
          -0.0493628227489023,
          0.3361482839151359,
          0.551346808275979
        ],
        [
          -0.031905776128467546,
          0.347395012677978,
          0.5513527365255195
        ],
        [
          -0.014437843159272707,
          0.35777580302345124,
          0.5514486642016462
        ],
        [
          0.003112492268958958,
          0.36888243217573724,
          0.5516207032411503
        ],
        [
          0.020840727633465207,
          0.37904806742728836,
          0.5516183590931353
        ],
        [
          -0.11744671909643459,
          0.29017155357874064,
          0.5309390398306819
        ],
        [
          -0.1000287077789784,
          0.3007343497458083,
          0.5309169839176047
        ],
        [
          -0.08264224840972086,
          0.3116889071712957,
          0.530949194276092
        ],
        [
          -0.06538910914874849,
          0.3228725877089847,
          0.531046641327681
        ],
        [
          -0.04835152945613627,
          0.33416606436121027,
          0.5310074510484585
        ],
        [
          -0.03102611149776018,
          0.3444635888138965,
          0.530958918610911
        ],
        [
          -0.013490746431601877,
          0.35579036382478646,
          0.5310710131288192
        ],
        [
          0.004026912208188537,
          0.3664218588943661,
          0.5312025157096381
        ],
        [
          0.0214234391412783,
          0.37758180447669454,
          0.5312745521004723
        ],
        [
          -0.116911297424513,
          0.28866454904214306,
          0.5104814239768625
        ],
        [
          -0.09961457357870176,
          0.2996583102643513,
          0.5105320939745168
        ],
        [
          -0.08207856119683693,
          0.3098244932772809,
          0.51057790946255
        ],
        [
          -0.06472348542465302,
          0.3211465264521497,
          0.5106721186294478
        ],
        [
          -0.047431063130956234,
          0.3322483602757484,
          0.5107530885874058
        ],
        [
          -0.030074278331558787,
          0.3432225244302204,
          0.5107597451518313
        ],
        [
          -0.012410525723626113,
          0.353172975958447,
          0.5108918111744608
        ],
        [
          0.005025273414903648,
          0.364165728787689,
          0.510935030644498
        ],
        [
          0.02241749851238419,
          0.37544080869099267,
          0.5109505745429014
        ],
        [
          -0.1158600658446604,
          0.2867651902723807,
          0.49025097768671366
        ],
        [
          -0.09868534616318454,
          0.29738954717752525,
          0.4902276903639295
        ],
        [
          -0.08143850945050918,
          0.3088354092898197,
          0.4903159519103935
        ],
        [
          -0.06409556583563569,
          0.3198980599364784,
          0.4903170850157461
        ],
        [
          -0.04673091159936015,
          0.3308880423775218,
          0.4904258577021298
        ],
        [
          -0.029353763098283938,
          0.34104202695508434,
          0.4904465875532631
        ],
        [
          -0.011954261932613964,
          0.3522260713453452,
          0.49059561779033556
        ],
        [
          0.005791047017043388,
          0.36275167747375464,
          0.49058199325268775
        ],
        [
          0.02330867045654171,
          0.37339771035369923,
          0.49075202653325767
        ],
        [
          -0.11551927352141514,
          0.28579856009331817,
          0.46990454925300346
        ],
        [
          -0.09806956267496293,
          0.29602901125663944,
          0.469984641134472
        ],
        [
          -0.08054663393819493,
          0.3070801128767749,
          0.4700273575896758
        ],
        [
          -0.06340154388907898,
          0.31835762956866714,
          0.4700693198400162
        ],
        [
          -0.04601631701596598,
          0.32950690810809224,
          0.47011026977841797
        ],
        [
          -0.028719176511601736,
          0.3395675976814416,
          0.4701666998458401
        ],
        [
          -0.011157524691496461,
          0.3509195630960725,
          0.4702608091977413
        ],
        [
          0.006158807417069798,
          0.361449255868608,
          0.4702648047880557
        ],
        [
          0.02372975952454261,
          0.3725254517635542,
          0.4703382795047112
        ],
        [
          -0.11470100312279541,
          0.2838899202900118,
          0.4495690349699752
        ],
        [
          -0.09783433189351805,
          0.2956181279610499,
          0.4496090233493284
        ],
        [
          -0.08030741836141907,
          0.30608971289161896,
          0.4497000012907841
        ],
        [
          -0.06307268796738105,
          0.3173175962082951,
          0.4497142870248811
        ],
        [
          -0.04552970754291865,
          0.3283319486765413,
          0.449809087316879
        ],
        [
          -0.02812700418716666,
          0.33880837235805056,
          0.4498846610277459
        ],
        [
          -0.010643454204133904,
          0.3490250919188653,
          0.44989197482915416
        ],
        [
          0.006798538667255109,
          0.35957250208386204,
          0.4500368511936722
        ],
        [
          0.02433341393635151,
          0.37152128058658906,
          0.45008262239484587
        ],
        [
          -0.11416421102829152,
          0.2832355932731668,
          0.42932318796163454
        ],
        [
          -0.09704504654207038,
          0.29336113365395405,
          0.42935087992495735
        ],
        [
          -0.07989686859782254,
          0.30527467028691657,
          0.42931624926302503
        ],
        [
          -0.06268886611974529,
          0.31654992898361817,
          0.4293931383737855
        ],
        [
          -0.045291594605837426,
          0.32741894984412134,
          0.4294093753664751
        ],
        [
          -0.027712552896436433,
          0.3377483560590171,
          0.4295394819135499
        ],
        [
          -0.010143605964695941,
          0.347734377876727,
          0.42961503948419194
        ],
        [
          0.0073297651467697225,
          0.3588164731879303,
          0.4296707928154543
        ],
        [
          0.024993008459447425,
          0.3693025726444305,
          0.42970205506931597
        ]
      ],
      "camera_matrix_used_cam1_3x3": [
        [
          1048.622567619535,
          0.0,
          635.2911814683853
        ],
        [
          0.0,
          1054.9322577203714,
          385.46749871934645
        ],
        [
          0.0,
          0.0,
          1.0
        ]
      ],
      "camera_matrix_used_cam2_3x3": [
        [
          1028.8717917949107,
          0.0,
          655.710477415902
        ],
        [
          0.0,
          1034.5909581372066,
          399.16485638424734
        ],
        [
          0.0,
          0.0,
          1.0
        ]
      ],
      "camera_matrix_used_cam3_3x3": [
        [
          1047.1244025284163,
          0.0,
          696.8201967091475
        ],
        [
          0.0,
          1053.6354475186754,
          371.69556946206586
        ],
        [
          0.0,
          0.0,
          1.0
        ]
      ],
      "intrinsics_scale_cam1": {
        "sx": 0.6666666666666666,
        "sy": 0.6666666666666666
      },
      "intrinsics_scale_cam2": {
        "sx": 0.6666666666666666,
        "sy": 0.6666666666666666
      },
      "intrinsics_scale_cam3": {
        "sx": 0.6666666666666666,
        "sy": 0.6666666666666666
      },
      "actual_image_size_wh": {
        "cam1": {
          "width": 1280,
          "height": 720
        },
        "cam2": {
          "width": 1280,
          "height": 720
        },
        "cam3": {
          "width": 1280,
          "height": 720
        }
      }
    },
    {
      "pose_id": 4,
      "images": {
        "cam1": "img4_cam1.png",
        "cam2": "img4_cam2.png",
        "cam3": "img4_cam3.png"
      },
      "success": true,
      "reproj_cam1_rmse_px": 4.113477097898074,
      "reproj_cam2_rmse_px": 5.812936176353409,
      "reproj_cam3_rmse_px": 2.3195177005185625,
      "reproj_mean_rmse_px": 4.0819769915900155,
      "reproj_max_rmse_px": 5.812936176353409,
      "rigid_fit_rms_mm": 1.6320151404414696,
      "cam2_rotation_index_selected": 2,
      "cam3_rotation_index_selected": 2,
      "T_base_CB_4x4": [
        [
          0.7742077958250926,
          0.12140994168781914,
          -0.6211778448584686,
          -0.26314522470972573
        ],
        [
          0.6315160797502708,
          -0.08257881752194147,
          0.7709527741136465,
          0.1795005362233659
        ],
        [
          0.042305199449959904,
          -0.9891614453445091,
          -0.1406054947129054,
          0.5641861975737692
        ],
        [
          0.0,
          0.0,
          0.0,
          1.0
        ]
      ],
      "T_cam1_CB_4x4": [
        [
          0.7761133968000168,
          0.10841638557432783,
          -0.6212035794523059,
          -0.37206610557367514
        ],
        [
          -0.04311930015736549,
          0.9919280309848292,
          0.11924558591574345,
          -0.2094704963488216
        ],
        [
          0.6291174170384871,
          -0.06576223537787797,
          0.7745234695349983,
          1.2955359738381191
        ],
        [
          0.0,
          0.0,
          0.0,
          1.0
        ]
      ],
      "T_cam2_CB_4x4": [
        [
          0.7702283906385468,
          0.10488595788142435,
          -0.6290843767304714,
          -0.12891364199257088
        ],
        [
          -0.04269774881495451,
          0.9926514792344706,
          0.11322517181772641,
          -0.2292920738992561
        ],
        [
          0.6363372735580346,
          -0.06034875590998217,
          0.76904674398939,
          1.2977095101232128
        ],
        [
          0.0,
          0.0,
          0.0,
          1.0
        ]
      ],
      "T_cam3_CB_4x4": [
        [
          0.7900022348164217,
          0.08783942492063994,
          -0.60677895844753,
          -0.23545581154178974
        ],
        [
          -0.11079481258956869,
          0.9938432302975334,
          -0.0003782790059277465,
          -0.1331313350203025
        ],
        [
          0.603009932329726,
          0.06752680224455475,
          0.7948705256142813,
          1.30202050457023
        ],
        [
          0.0,
          0.0,
          0.0,
          1.0
        ]
      ],
      "triangulated_points_base_3d": [
        [
          -0.26428972795006256,
          0.17917557493794664,
          0.5649180813502394
        ],
        [
          -0.24837454433038558,
          0.19183311657756993,
          0.5659141431071342
        ],
        [
          -0.2324230046192494,
          0.20472952211714138,
          0.5668911309942944
        ],
        [
          -0.2169305964807849,
          0.21833938763071087,
          0.5678886456911934
        ],
        [
          -0.20153213790626057,
          0.23082892071083574,
          0.5686611927633557
        ],
        [
          -0.1856644756937964,
          0.24446961547414314,
          0.5697470095233327
        ],
        [
          -0.16969273382201483,
          0.25672409460851414,
          0.5706213771393676
        ],
        [
          -0.15365723736377893,
          0.26998719694723633,
          0.5717585015663644
        ],
        [
          -0.13738859810851423,
          0.2817548460366867,
          0.5727997801046839
        ],
        [
          -0.26162841064734593,
          0.17677580339753476,
          0.5447194235166917
        ],
        [
          -0.24579638463008865,
          0.18940960398781662,
          0.5457025081358287
        ],
        [
          -0.229893324021652,
          0.20237779722906232,
          0.5466758187578772
        ],
        [
          -0.21422584680620613,
          0.2155482643775174,
          0.5476104716989018
        ],
        [
          -0.19883076520647447,
          0.2290220722042376,
          0.5486230270937721
        ],
        [
          -0.1829874458677216,
          0.241942789455212,
          0.5495107452351639
        ],
        [
          -0.16713016709002163,
          0.255141332273172,
          0.5505896731599861
        ],
        [
          -0.1511376985755173,
          0.2674828796847955,
          0.5515134371375056
        ],
        [
          -0.1352655038330587,
          0.2809151389061102,
          0.5525998421785361
        ],
        [
          -0.25946161580169175,
          0.17512315280144825,
          0.5243599388905749
        ],
        [
          -0.2437053013937734,
          0.18804971982162705,
          0.5254109552742237
        ],
        [
          -0.22783117813841544,
          0.20105296736549996,
