{
  "metadata": {
    "description": "Final shared camera extrinsic parameters for the robot hand-eye calibration experiments.",
    "version": "1.0.0-final",
    "calibration_date": "2026-04-24",
    "units": {
      "translation": "meters",
      "rotation": "dimensionless rotation matrix",
      "euler_angles": "degrees"
    },
    "convention": {
      "transform_name": "T_base_to_camera",
      "transform_direction": "base_T_camera",
      "meaning": "Transforms a 3D point expressed in each camera optical frame into the robot base frame.",
      "reference_frame": "robot_base_link",
      "camera_frame": "camera optical frame",
      "matrix_layout": "4x4 homogeneous transformation matrix"
    }
  },
  "T_base_to_camera": {
    "cam1": {
      "T_4x4": [
        [
          0.99991377,
          0.01297391,
          -0.0020334,
          0.11424079
        ],
        [
          0.00225657,
          -0.01721006,
          0.99984935,
          -1.11860567
        ],
        [
          0.01293696,
          -0.99976772,
          -0.01723785,
          0.38191002
        ],
        [
          0.0,
          0.0,
          0.0,
          1.0
        ]
      ],
      "translation_m": [
        0.11424079,
        -1.11860567,
        0.38191002
      ],
      "rotation_matrix": [
        [
          0.99991377,
          0.01297391,
          -0.0020334
        ],
        [
          0.00225657,
          -0.01721006,
          0.99984935
        ],
        [
          0.01293696,
          -0.99976772,
          -0.01723785
        ]
      ],
      "euler_xyz_deg": [
        -90.9878,
        -0.7413,
        0.1293
      ]
    },
    "cam2": {
      "T_4x4": [
        [
          0.9998243,
          0.01712786,
          0.00761554,
          -0.1402097
        ],
        [
          -0.00724409,
          -0.02164504,
          0.99973947,
          -1.12376779
        ],
        [
          0.01728824,
          -0.99961899,
          -0.02151716,
          0.3651332
        ],
        [
          0.0,
          0.0,
          0.0,
          1.0
        ]
      ],
      "translation_m": [
        -0.1402097,
        -1.12376779,
        0.3651332
      ],
      "rotation_matrix": [
        [
          0.9998243,
          0.01712786,
          0.00761554
        ],
        [
          -0.00724409,
          -0.02164504,
          0.99973947
        ],
        [
          0.01728824,
          -0.99961899,
          -0.02151716
        ]
      ],
      "euler_xyz_deg": [
        -91.2331,
        -0.9906,
        -0.4151
      ]
    },
    "cam3": {
      "T_4x4": [
        [
          0.9992081141,
          0.0351192195,
          -0.0187025444,
          0.0011506975
        ],
        [
          0.0238475172,
          -0.1523307397,
          0.9880418218,
          -1.1216151334
        ],
        [
          0.0318502852,
          -0.9877054147,
          -0.1530476173,
          0.6394621278
        ],
        [
          0.0,
          0.0,
          0.0,
          1.0
        ]
      ],
      "translation_m": [
        0.0011506975,
        -1.1216151334,
        0.6394621278
      ],
      "rotation_matrix": [
        [
          0.9992081141,
          0.0351192195,
          -0.0187025444
        ],
        [
          0.0238475172,
          -0.1523307397,
          0.9880418218
        ],
        [
          0.0318502852,
          -0.9877054147,
          -0.1530476173
        ]
      ],
      "euler_xyz_deg": [
        -98.8081,
        -1.8252,
        1.3672
      ]
    },
    "cam4": {
      "T_4x4": [
        [
          0.98316818,
          -0.01057188,
          -0.18239675,
          0.25568657
        ],
        [
          0.18154023,
          -0.05591808,
          0.9817924,
          -1.13485044
        ],
        [
          -0.02057867,
          -0.99837939,
          -0.05305766,
          0.50135317
        ],
        [
          0.0,
          0.0,
          0.0,
          1.0
        ]
      ],
      "translation_m": [
        0.25568657,
        -1.13485044,
        0.50135317
      ],
      "rotation_matrix": [
        [
          0.98316818,
          -0.01057188,
          -0.18239675
        ],
        [
          0.18154023,
          -0.05591808,
          0.9817924
        ],
        [
          -0.02057867,
          -0.99837939,
          -0.05305766
        ]
      ],
      "euler_xyz_deg": [
        -93.0421,
        1.1792,
        10.4617
      ]
    }
  }
}