{
    "metadata": {
        "description": "Extrinsic calibration parameters mapping robot base frame to camera optical frames.",
        "version": "1.0.0",
        "convention": {
            "transform_direction": "base_T_camera",
            "units_translation": "meters",
            "rotation_representation": "Euler_angles",
            "rotation_order": "XYZ",
            "rotation_convention": "extrinsic",
            "rotation_units": "degrees"
        },
        "reference_frame": "robot_base_link",
        "calibration_date": "2026-04-15"
    },
    "T_base_to_camera_extrinsics": {
        "cam1": {
            "T_4x4": [
                [ 0.99991377, 0.01297391, -0.00203340, 0.11424079 ],
                [ 0.00225657, -0.01721006, 0.99984935, -1.11860567 ],
                [ 0.01293696, -0.99976772, -0.01723785, 0.38191002 ],
                [ 0.0, 0.0, 0.0, 1.0 ]
            ],
            "translation_m": [ 0.11424079, -1.11860567, 0.38191002 ],
            "euler_xyz_deg": [ -90.9878, -0.7413, 0.1293 ]
        },
        "cam2": {
            "T_4x4": [
                [ 0.99982430, 0.01712786, 0.00761554, -0.14020970 ],
                [ -0.00724409, -0.02164504, 0.99973947, -1.12376779 ],
                [ 0.01728824, -0.99961899, -0.02151716, 0.36513320 ],
                [ 0.0, 0.0, 0.0, 1.0 ]
            ],
            "translation_m": [ -0.14020970, -1.12376779, 0.36513320 ],
            "euler_xyz_deg": [ -91.2331, -0.9906, -0.4151 ]
        },
        "cam3": {
            "T_4x4": [
                [ 0.99922061, 0.02469586, -0.03079429, 0.01607012 ],
                [ 0.03507489, -0.19759294, 0.97965646, -1.11745686 ],
                [ 0.01810872, -0.97997303, -0.19830514, 0.61697769 ],
                [ 0.0, 0.0, 0.0, 1.0 ]
            ],
            "translation_m": [ 0.01607012, -1.11745686, 0.61697769 ],
            "euler_xyz_deg": [ -101.4398, -1.0376, 2.0104 ]
        },
        "cam4": {
            "T_4x4": [
                [ 0.98316818, -0.01057188, -0.18239675, 0.25568657 ],
                [ 0.18154023, -0.05591808, 0.98179240, -1.13485044 ],
                [ -0.02057867, -0.99837939, -0.05305766, 0.50135317 ],
                [ 0.0, 0.0, 0.0, 1.0 ]
            ],
            "translation_m": [ 0.25568657, -1.13485044, 0.50135317 ],
            "euler_xyz_deg": [ -93.0421, 1.1792, 10.4617 ]
        }
    }
}