{
  "configuration": "4cam",
  "cameras_used": [
    "cam1",
    "cam2",
    "cam3",
    "cam4"
  ],
  "method": "multi_view_DLT_triangulation_followed_by_checkerboard_rigid_alignment",
  "image_directories": {
    "cam1": "03_extrinsic_calibration/images/cam1_images",
    "cam2": "03_extrinsic_calibration/images/cam2_images",
    "cam3": "03_extrinsic_calibration/images/cam3_images",
    "cam4": "03_extrinsic_calibration/images/cam4_images"
  },
  "pattern": {
    "cols": 9,
    "rows": 7,
    "square_size_m": 0.02
  },
  "pose_definition": "Main saved measurement is T_base_CB_4x4 estimated from 4-camera triangulation and rigid alignment.",
  "origin_convention": "Cam1 uses the validated board-origin convention. Cam2, cam3 and cam4 orderings are selected among 4 logical rotations by minimum 4-view reprojection error plus a small rigid-fit penalty.",
  "summary": {
    "num_images_total": 40,
    "num_success": 40,
    "num_failed": 0
  },
  "poses": [
    {
      "pose_id": 1,
      "images": {
        "cam1": "img1_cam1.png",
        "cam2": "img1_cam2.png",
        "cam3": "img1_cam3.png",
        "cam4": "img1_cam4.png"
      },
      "success": true,
      "reproj_cam1_rmse_px": 2.2357532214954365,
      "reproj_cam2_rmse_px": 6.8809248302432735,
      "reproj_cam3_rmse_px": 5.481897506492305,
      "reproj_cam4_rmse_px": 3.8817634501959164,
      "reproj_mean_rmse_px": 4.620084752106733,
      "reproj_max_rmse_px": 6.8809248302432735,
      "rigid_fit_rms_mm": 0.7897281443109648,
      "cam2_rotation_index_selected": 2,
      "cam3_rotation_index_selected": 2,
      "cam4_rotation_index_selected": 2,
      "T_base_CB_4x4": [
        [
          0.8951917657268171,
          0.002534573803664456,
          -0.44567395987485814,
          0.10552779403102526
        ],
        [
          0.4456656784136882,
          -0.013427507879383304,
          0.8950987683581159,
          0.13529860806161859
        ],
        [
          -0.0037155967178828155,
          -0.9999066346253449,
          -0.013149767041555576,
          0.5117932183007566
        ],
        [
          0.0,
          0.0,
          0.0,
          1.0
        ]
      ],
      "T_cam1_CB_4x4": [
        [
          0.8960721806146811,
          -0.010431696999972716,
          -0.4437857943918102,
          -0.004202428129497879
        ],
        [
          0.007658937994917718,
          0.999938347860926,
          -0.008040124740462132,
          -0.1515458385166843
        ],
        [
          0.44384230484168957,
          0.0038056017539828545,
          0.8960968288704695,
          1.2514941872983034
        ],
        [
          0.0,
          0.0,
          0.0,
          1.0
        ]
      ],
      "T_cam2_CB_4x4": [
        [
          0.8917418021214372,
          -0.014655227322394158,
          -0.45230716732554194,
          0.2391090212445777
        ],
        [
          0.009400448839007642,
          0.9998597109689047,
          -0.01386313298662927,
          -0.16964772452136934
        ],
        [
          0.45244688692312846,
          0.008110443579724359,
          0.891754466049006,
          1.2574540901288445
        ],
        [
          0.0,
          0.0,
          0.0,
          1.0
        ]
      ],
      "T_cam3_CB_4x4": [
        [
          0.9049925530905125,
          -0.02963495753183851,
          -0.42439397750533747,
          0.13020242265255852
        ],
        [
          -0.032780231317235654,
          0.9897476316403186,
          -0.13901468302725672,
          -0.06170168460798686
        ],
        [
          0.4241626283461373,
          0.13971898566217206,
          0.8947427953104904,
          1.2594706481006464
        ],
        [
          0.0,
          0.0,
          0.0,
          1.0
        ]
      ],
      "T_cam4_CB_4x4": [
        [
          0.9611067708616584,
          0.02063102810963995,
          -0.2754054150065831,
          0.08273697753017734
        ],
        [
          -0.030675053798357065,
          0.9990102211839011,
          -0.032212136516438415,
          -0.07985996457502254
        ],
        [
          0.2744682481794249,
          0.0394073830403536,
          0.9607883457329333,
          1.2738572304417255
        ],
        [
          0.0,
          0.0,
          0.0,
          1.0
        ]
      ],
      "triangulated_points_base_3d": [
        [
          0.10508909276059385,
          0.134942661754966,
          0.5120351915576346
        ],
        [
          0.12318700150431733,
          0.14407840606850056,
          0.5120849306595279
        ],
        [
          0.1413136832488118,
          0.15339127465505567,
          0.5120366336128783
        ],
        [
          0.15926775707241533,
          0.16263609311550978,
          0.5119730516231705
        ],
        [
          0.1769153065131362,
          0.17196818125690436,
          0.5118955804068235
        ],
        [
          0.19504860890810957,
          0.1809430795350265,
          0.5119139225750119
        ],
        [
          0.21316000805761012,
          0.18949882963079415,
          0.5118937163590207
        ],
        [
          0.2313495055398858,
          0.19885525757312622,
          0.5118646201276172
        ],
        [
          0.24970422928475172,
          0.20745793929377776,
          0.5118321228375886
        ],
        [
          0.1052696609398022,
          0.1339441015622795,
          0.49188608242835263
        ],
        [
          0.12336921758811557,
          0.1433308586334489,
          0.4918669255378001
        ],
        [
          0.14143966025300075,
          0.1523764475117335,
          0.49182085740971376
        ],
        [
          0.15944218578960895,
          0.16174863279773488,
          0.4918147646535092
        ],
        [
          0.17714435907769907,
          0.1712476145669207,
          0.491814845804073
        ],
        [
          0.19523634700003228,
          0.18014241098123998,
          0.49173038777499395
        ],
        [
          0.21332288839194316,
          0.18918198461982458,
          0.4916984656024251
        ],
        [
          0.23153607989798752,
          0.19800877848577608,
          0.49167090711370004
        ],
        [
          0.24951169619088556,
          0.20649748851287156,
          0.49167726121824445
        ],
        [
          0.10507153600359398,
          0.1341677250474204,
          0.47167897699140837
        ],
        [
          0.12311482673321399,
          0.143503275387449,
          0.47169792119625126
        ],
        [
          0.14127861106230752,
          0.152247089983574,
          0.47164048749604953
        ],
        [
          0.15938738763584503,
          0.16138793947374705,
          0.4716034252397092
        ],
        [
          0.1773723957837437,
          0.17074210318669467,
          0.4716313642308097
        ],
        [
          0.1953941269633158,
          0.17962805957703284,
          0.47163369311934994
        ],
        [
          0.21367362393198377,
          0.18789758588686106,
          0.47158086593809057
        ],
        [
          0.23182170153378054,
          0.19672133899641642,
          0.47160194309030473
        ],
        [
          0.24970314010633204,
          0.20600281885024327,
          0.4714951870770082
        ],
        [
          0.10537694258419576,
          0.13314976908631196,
          0.4515779381127724
        ],
        [
          0.12329728740336295,
          0.14285597723675098,
          0.45149111746123066
        ],
        [
          0.14121437899079312,
          0.1518358198863153,
          0.45151107825040926
        ],
        [
          0.15929427817857067,
          0.1611938630735324,
          0.4515109930726704
        ],
        [
          0.17736333311069036,
          0.17018743279294102,
          0.45145837061247207
        ],
        [
          0.19536264527533614,
          0.17904516665093326,
          0.45145952747722995
        ],
        [
          0.2135026477379886,
          0.18760320040649525,
          0.45148105862318383
        ],
        [
          0.23177206258940464,
          0.19645019574287767,
          0.45137183084855337
        ],
        [
          0.2500159891081957,
          0.20539999845176396,
          0.4514258217013121
        ],
        [
          0.10494053882647614,
          0.13382783499817297,
          0.43141953184689613
        ],
        [
          0.12319650133337147,
          0.14240152354805297,
          0.4313916291791576
        ],
        [
          0.14139405170855357,
          0.151566561371218,
          0.43133055915560636
        ],
        [
          0.15927966753587958,
          0.1609559460295359,
          0.4313501640879561
        ],
        [
          0.17731102226069775,
          0.16998968323527466,
          0.43139689273926873
        ],
        [
          0.19531079303645224,
          0.17859062498145412,
          0.43135219553926324
        ],
        [
          0.21359451016745362,
          0.1876819629980903,
          0.43135637533655224
        ],
        [
          0.23155173685908143,
          0.1964798286330046,
          0.43134737814514557
        ],
        [
          0.2497857057702971,
          0.20553353693494963,
          0.4313118898280631
        ],
        [
          0.10506935507546586,
          0.13324646108824764,
          0.41127711970413605
        ],
        [
          0.1227586136938895,
          0.14243836677200591,
          0.4112684121580605
        ],
        [
          0.14100498658460145,
          0.151626291938342,
          0.41128223092630956
        ],
        [
          0.15897359240424663,
          0.16095722766255816,
          0.4112511183342633
        ],
        [
          0.17713326148953132,
          0.16968204168446382,
          0.4112572911633282
        ],
        [
          0.1951994285875006,
          0.17839232018908546,
          0.41121251958965066
        ],
        [
          0.21348957707650418,
          0.1876210903111055,
          0.4112106622861092
        ],
        [
          0.2316099811499419,
          0.19621472710927546,
          0.411219030380623
        ],
        [
          0.24957911003047764,
          0.2051568438382404,
          0.4112021398880174
        ],
        [
          0.10490403771746853,
          0.13338274574700765,
          0.3910645665520813
        ],
        [
          0.12286755616672458,
          0.14253857863855643,
          0.3911200829446279
        ],
        [
          0.14071013871247154,
          0.1520918676509691,
          0.3910549859196205
        ],
        [
          0.1586470010930067,
          0.16133832085681415,
          0.3910912001457572
        ],
        [
          0.17677673560874801,
          0.17008213283461243,
          0.3911269187341292
        ],
        [
          0.1949428093957088,
          0.17858979363966113,
          0.39109623016263684
        ],
        [
          0.21323532289990485,
          0.18757383997472835,
          0.39106170376227
        ],
        [
          0.2313917285751345,
          0.19621197401204873,
          0.3911038758817501
        ],
        [
          0.24961624568464846,
          0.20476982035256333,
          0.3910804943735544
        ]
      ],
      "camera_matrix_used_cam1_3x3": [
        [
          1048.622567619535,
          0.0,
          635.2911814683853
        ],
        [
          0.0,
          1054.9322577203714,
          385.46749871934645
        ],
        [
          0.0,
          0.0,
          1.0
        ]
      ],
      "camera_matrix_used_cam2_3x3": [
        [
          1028.8717917949107,
          0.0,
          655.710477415902
        ],
        [
          0.0,
          1034.5909581372066,
          399.16485638424734
        ],
        [
          0.0,
          0.0,
          1.0
        ]
      ],
      "camera_matrix_used_cam3_3x3": [
        [
          1047.1244025284163,
          0.0,
          696.8201967091475
        ],
        [
          0.0,
          1053.6354475186754,
          371.69556946206586
        ],
        [
          0.0,
          0.0,
          1.0
        ]
      ],
      "camera_matrix_used_cam4_3x3": [
        [
          1032.770607870173,
          0.0,
          711.358221798832
        ],
        [
          0.0,
          1037.8861567731283,
          384.8860107025583
        ],
        [
          0.0,
          0.0,
          1.0
        ]
      ],
      "intrinsics_scale_cam1": {
        "sx": 0.6666666666666666,
        "sy": 0.6666666666666666
      },
      "intrinsics_scale_cam2": {
        "sx": 0.6666666666666666,
        "sy": 0.6666666666666666
      },
      "intrinsics_scale_cam3": {
        "sx": 0.6666666666666666,
        "sy": 0.6666666666666666
      },
      "intrinsics_scale_cam4": {
        "sx": 0.6666666666666666,
        "sy": 0.6666666666666666
      },
      "actual_image_size_wh": {
        "cam1": {
          "width": 1280,
          "height": 720
        },
        "cam2": {
          "width": 1280,
          "height": 720
        },
        "cam3": {
          "width": 1280,
          "height": 720
        },
        "cam4": {
          "width": 1280,
          "height": 720
        }
      }
    },
    {
      "pose_id": 2,
      "images": {
        "cam1": "img2_cam1.png",
        "cam2": "img2_cam2.png",
        "cam3": "img2_cam3.png",
        "cam4": "img2_cam4.png"
      },
      "success": true,
      "reproj_cam1_rmse_px": 2.0766978518662755,
      "reproj_cam2_rmse_px": 6.980082150551242,
      "reproj_cam3_rmse_px": 5.098096291273841,
      "reproj_cam4_rmse_px": 3.8617143451931617,
      "reproj_mean_rmse_px": 4.50414765972113,
      "reproj_max_rmse_px": 6.980082150551242,
      "rigid_fit_rms_mm": 0.765570386037913,
      "cam2_rotation_index_selected": 2,
      "cam3_rotation_index_selected": 2,
      "cam4_rotation_index_selected": 2,
      "T_base_CB_4x4": [
        [
          0.8720309183434392,
          -0.0136007988533024,
          -0.48926178649435714,
          -0.025610616994248082
        ],
        [
          0.48941628760743205,
          0.012361016809478641,
          0.8719626727607064,
          0.14673568516698704
        ],
        [
          -0.005811615752714017,
          -0.9998310975029673,
          0.01743564132330703,
          0.597844578731729
        ],
        [
          0.0,
          0.0,
          0.0,
          1.0
        ]
      ],
      "T_cam1_CB_4x4": [
        [
          0.8729849405889485,
          -0.026506507471867502,
          -0.48702638844766216,
          -0.13419047951666377
        ],
        [
          0.008701032807710944,
          0.9992096673544363,
          -0.038785759672929576,
          -0.23947542166304875
        ],
        [
          0.48766954913494737,
          0.029621748970776123,
          0.8725256235309277,
          1.2617128578095795
        ],
        [
          0.0,
          0.0,
          0.0,
          1.0
        ]
      ],
      "T_cam2_CB_4x4": [
        [
          0.8682318542682714,
          -0.030973273484297948,
          -0.4951909677248379,
          0.10939847659369041
        ],
        [
          0.010151989832139564,
          0.9989496445745782,
          -0.04468267248244408,
          -0.25815997485959596
        ],
        [
          0.49605481578791255,
          0.033767744664016934,
          0.8676343421359966,
          1.2660379168272042
        ],
        [
          0.0,
          0.0,
          0.0,
          1.0
        ]
      ],
      "T_cam3_CB_4x4": [
        [
          0.8828266310568558,
          -0.04514015464964052,
          -0.467524871996141,
          0.0021813645549889783
        ],
        [
          -0.03818793551242625,
          0.9851779764790364,
          -0.16723048837448934,
          -0.1530427763062957
        ],
        [
          0.46814401745413814,
          0.1654893383238871,
          0.8680175446516167,
          1.260053624865753
        ],
        [
          0.0,
          0.0,
          0.0,
          1.0
        ]
      ],
      "T_cam4_CB_4x4": [
        [
          0.9463213916321889,
          0.0094473433907306,
          -0.32308911831584297,
          -0.045888668306756294
        ],
        [
          -0.030784027958643025,
          0.9976633429145905,
          -0.060993446545665096,
          -0.1650250291585611
        ],
        [
          0.32175793693649046,
          0.06766539229680375,
          0.9444009906266992,
          1.3044396019688802
        ],
        [
          0.0,
          0.0,
          0.0,
          1.0
        ]
      ],
      "triangulated_points_base_3d": [
        [
          -0.02596899473257106,
          0.14675801772989844,
          0.5980944536227509
        ],
        [
          -0.008356171567406671,
          0.15650194352602154,
          0.598059609463268
        ],
        [
          0.009330838530563561,
          0.16658827069409668,
          0.5979670995210895
        ],
        [
          0.026797069809983202,
          0.1760478084808522,
          0.597873751602341
        ],
        [
          0.043901480192388646,
          0.1869855340493406,
          0.5978063147402723
        ],
        [
          0.06150720353320513,
          0.1965297118889635,
          0.5977169829566497
        ],
        [
          0.07923127621326942,
          0.20659206648877435,
          0.5976758659375422
        ],
        [
          0.0968995880836664,
          0.2163508759079818,
          0.5975828411688396
        ],
        [
          0.11474064067637939,
          0.22570818440259652,
          0.5975208670987266
        ],
        [
          -0.026022773058571595,
          0.1463194311877762,
          0.5778842300649861
        ],
        [
          -0.00848835829680342,
          0.15618925225778488,
          0.577820154700385
        ],
        [
          0.009083437967898237,
          0.16610644576618575,
          0.5777180227926949
        ],
        [
          0.02659858375359613,
          0.17602331926919954,
          0.5776190269121555
        ],
        [
          0.04387120482038197,
          0.1864749825173819,
          0.5776143102064858
        ],
        [
          0.061433154011388685,
          0.19664644419257482,
          0.5776081150666773
        ],
        [
          0.07904946172869479,
          0.20650776506092264,
          0.5775007985399114
        ],
        [
          0.0967313749460965,
          0.21588014149706353,
          0.5774496581774543
        ],
        [
          0.11432036760478513,
          0.22595929404137952,
          0.5774077226804476
        ],
        [
          -0.02666290470201518,
          0.1467380430878493,
          0.5576873514621085
        ],
        [
          -0.009110855474546957,
          0.15668560835804832,
          0.5576626060975847
        ],
        [
          0.00862483864372139,
          0.1664374617622478,
          0.5576095882641977
        ],
        [
          0.02621930958549024,
          0.1764952827917059,
          0.5575293280415936
        ],
        [
          0.0437480153621812,
          0.1865131531743941,
          0.5574961130733639
        ],
        [
          0.06129314584982197,
          0.19613616430606323,
          0.5574689614917425
        ],
        [
          0.07907587013703209,
          0.20594534282896265,
          0.5573844849134563
        ],
        [
          0.09677672879687475,
          0.21551762478164238,
          0.5573510144053891
        ],
        [
          0.1142983094079924,
          0.22590075316645924,
          0.5572489398432503
        ],
        [
          -0.02664639946271673,
          0.1463167304279241,
          0.5375387425143285
        ],
        [
          -0.00921573201575987,
          0.15642851042834136,
          0.5374866614457396
        ],
        [
          0.008236134797895528,
          0.16661643595797712,
          0.537476304814901
        ],
        [
          0.02581143038513462,
          0.1768373029002562,
          0.5374279722552818
        ],
        [
          0.04334387858771599,
          0.1863476149843618,
          0.5373943414494756
        ],
        [
          0.06092510187665509,
          0.1961703779920183,
          0.5372699398156703
        ],
        [
          0.0785880743938195,
          0.20638309764957408,
          0.5372754906363773
        ],
        [
          0.09645401167978028,
          0.21563547165501873,
          0.5371808661038733
        ],
        [
          0.11416437585222641,
          0.2250548263968789,
          0.5371177003860461
        ],
        [
          -0.027399523632397074,
          0.1469679784487918,
          0.5174328158377536
        ],
        [
          -0.009651342824752482,
          0.157056141066173,
          0.5173818075516254
        ],
        [
          0.008115541639553966,
          0.16646085387502596,
          0.5173113865091628
        ],
        [
          0.0254541321823877,
          0.17694843560116444,
          0.5173042299661565
        ],
        [
          0.04298772179312435,
          0.186771529110402,
          0.5172526041941697
        ],
        [
          0.06059485306134534,
          0.19662909632600514,
          0.5172307983536447
        ],
        [
          0.0783466150467712,
          0.2063355193905441,
          0.5171835899613669
        ],
        [
          0.09586809849174027,
          0.21613225631552985,
          0.517104753877663
        ],
        [
          0.11354407758291304,
          0.22573834291071304,
          0.5170173172261028
        ],
        [
          -0.027529752734809496,
          0.14711205992996795,
          0.497343118285591
        ],
        [
          -0.01034777062374222,
          0.1579678696059384,
          0.4973364706052724
        ],
        [
          0.007325780546906928,
          0.16765238211000608,
          0.49726890627153586
        ],
        [
          0.024770492540876852,
          0.17736262006603498,
          0.49723433643474263
        ],
        [
          0.04253056429264938,
          0.18752289535122424,
          0.49721265698325684
        ],
        [
          0.06004367251933204,
          0.1969247590462703,
          0.49707954304454033
        ],
        [
          0.07789093814703413,
          0.20678045072148132,
          0.4970476788036211
        ],
        [
          0.09552020442532502,
          0.21620670098419384,
          0.4969723903388289
        ],
        [
          0.1130563144042259,
          0.22599689023335037,
          0.4969668875239025
        ],
        [
          -0.028018909376418145,
          0.1478586695284995,
          0.4771845496560721
        ],
        [
          -0.010660386789696424,
          0.15799165922782227,
          0.47717761811131093
        ],
        [
          0.006723685025257674,
          0.16845490236584013,
          0.47711560571756073
        ],
        [
          0.024164464129359454,
          0.17813172568441496,
          0.4771229460009542
        ],
        [
          0.04175227942205793,
          0.18836835035975302,
          0.4770654698439682
        ],
        [
          0.059457367960914886,
          0.1976486086465416,
          0.4769897868629973
        ],
        [
          0.0773093501381213,
          0.20718649208297624,
          0.4769302674125092
        ],
        [
          0.09497766180099045,
          0.2168546165405925,
          0.4769031257649848
        ],
        [
          0.11274709106050243,
          0.22633980146369723,
          0.47685947473767315
        ]
      ],
      "camera_matrix_used_cam1_3x3": [
        [
          1048.622567619535,
          0.0,
          635.2911814683853
        ],
        [
          0.0,
          1054.9322577203714,
          385.46749871934645
        ],
        [
          0.0,
          0.0,
          1.0
        ]
      ],
      "camera_matrix_used_cam2_3x3": [
        [
          1028.8717917949107,
          0.0,
          655.710477415902
        ],
        [
          0.0,
          1034.5909581372066,
          399.16485638424734
        ],
        [
          0.0,
          0.0,
          1.0
        ]
      ],
      "camera_matrix_used_cam3_3x3": [
        [
          1047.1244025284163,
          0.0,
          696.8201967091475
        ],
        [
          0.0,
          1053.6354475186754,
          371.69556946206586
        ],
        [
          0.0,
          0.0,
          1.0
        ]
      ],
      "camera_matrix_used_cam4_3x3": [
        [
          1032.770607870173,
          0.0,
          711.358221798832
        ],
        [
          0.0,
          1037.8861567731283,
          384.8860107025583
        ],
        [
          0.0,
          0.0,
          1.0
        ]
      ],
      "intrinsics_scale_cam1": {
        "sx": 0.6666666666666666,
        "sy": 0.6666666666666666
      },
      "intrinsics_scale_cam2": {
        "sx": 0.6666666666666666,
        "sy": 0.6666666666666666
      },
      "intrinsics_scale_cam3": {
        "sx": 0.6666666666666666,
        "sy": 0.6666666666666666
      },
      "intrinsics_scale_cam4": {
        "sx": 0.6666666666666666,
        "sy": 0.6666666666666666
      },
      "actual_image_size_wh": {
        "cam1": {
          "width": 1280,
          "height": 720
        },
        "cam2": {
          "width": 1280,
          "height": 720
        },
        "cam3": {
          "width": 1280,
          "height": 720
        },
        "cam4": {
          "width": 1280,
          "height": 720
        }
      }
    },
    {
      "pose_id": 3,
      "images": {
        "cam1": "img3_cam1.png",
        "cam2": "img3_cam2.png",
        "cam3": "img3_cam3.png",
        "cam4": "img3_cam4.png"
      },
      "success": true,
      "reproj_cam1_rmse_px": 1.6376548428206281,
      "reproj_cam2_rmse_px": 6.520539816254033,
      "reproj_cam3_rmse_px": 4.0286238542991635,
      "reproj_cam4_rmse_px": 3.750714255660665,
      "reproj_mean_rmse_px": 3.9843831922586226,
      "reproj_max_rmse_px": 6.520539816254033,
      "rigid_fit_rms_mm": 0.5546432405289972,
      "cam2_rotation_index_selected": 2,
      "cam3_rotation_index_selected": 2,
      "cam4_rotation_index_selected": 2,
      "T_base_CB_4x4": [
        [
          0.85266783871124,
          0.036474945259971706,
          -0.521178602012577,
          -0.11821630453770784
        ],
        [
          0.5224518951507127,
          -0.057133058123089414,
          0.8507525086198293,
          0.26945396849951164
        ],
        [
          0.0012546238203968271,
          -0.9977000511365051,
          -0.06777192546536907,
          0.5503230294413406
        ],
        [
          0.0,
          0.0,
          0.0,
          1.0
        ]
      ],
      "T_cam1_CB_4x4": [
        [
          0.8537894934547278,
          0.0234356696269222,
          -0.5200906408822178,
          -0.22712604365737477
        ],
        [
          0.0008166749403008439,
          0.9989247913839667,
          0.04635295740758721,
          -0.19527835755305617
        ],
        [
          0.5206177459722503,
          -0.04000041535509139,
          0.8528523496091214,
          1.3854201273762063
        ],
        [
          0.0,
          0.0,
          0.0,
          1.0
        ]
      ],
      "T_cam2_CB_4x4": [
        [
          0.8487550266605527,
          0.019633935695048243,
          -0.5284216159850786,
          0.015098513631121663
        ],
        [
          0.0020417374031607006,
          0.9991813025243386,
          0.040404857474603824,
          -0.2148989111576146
        ],
        [
          0.5287823108494047,
          -0.03537272521051912,
          0.8480200649417341,
          1.3890415148271869
        ],
        [
          0.0,
          0.0,
          0.0,
          1.0
        ]
      ],
      "T_cam3_CB_4x4": [
        [
          0.8644917637395131,
          0.0033065484749519093,
          -0.5026361080978239,
          -0.0889380383765641
        ],
        [
          -0.05087965337842419,
          0.9954178353347833,
          -0.08096044694481634,
          -0.12805149110586322
        ],
        [
          0.5000652470414597,
          0.09556359052796085,
          0.8606987561666211,
          1.3903094429694578
        ],
        [
          0.0,
          0.0,
          0.0,
          1.0
        ]
      ],
      "T_cam4_CB_4x4": [
        [
          0.9331361058502855,
          0.04602039714589825,
          -0.3565657554183124,
          -0.11367939792438099
        ],
        [
          -0.039481399504391,
          0.9988923306271092,
          0.02559948440708105,
          -0.12346364833499202
        ],
        [
          0.3573488900100217,
          -0.009810083630670893,
          0.9339194501994074,
          1.4443358385301648
        ],
        [
          0.0,
          0.0,
          0.0,
          1.0
        ]
      ],
      "triangulated_points_base_3d": [
        [
          -0.11830422561351825,
          0.2694772087035029,
          0.5503387491648706
        ],
        [
          -0.10116795186413823,
          0.2799536222756216,
          0.5504165797766748
        ],
        [
          -0.08396023124324092,
          0.29028240843293796,
          0.5504230349174195
        ],
        [
          -0.06696819991681764,
          0.30078598491737124,
          0.5504519697020479
        ],
        [
          -0.05040274073709959,
          0.31222531720383895,
          0.5504714261177013
        ],
        [
          -0.03326676611298402,
          0.32266149082560985,
          0.5504769832954708
        ],
        [
          -0.016067304270361342,
          0.3332753081336591,
          0.5506010586493607
        ],
        [
          0.0011468450249809592,
          0.34355452900578903,
          0.5507353985566336
        ],
        [
          0.018589251214843016,
          0.35379915775989507,
          0.550800206250553
        ],
        [
          -0.11737610613587408,
          0.2679522873680841,
          0.5304041262556048
        ],
        [
          -0.10023305465912359,
          0.2783934942864077,
          0.5304053498088044
        ],
        [
          -0.08311869607332402,
          0.28919518044021086,
          0.5304449581335131
        ],
        [
          -0.06615146731241286,
          0.299520459450897,
          0.530493407284122
        ],
        [
          -0.04939599474999112,
          0.31055702704056504,
          0.5304907371056266
        ],
        [
          -0.03234455223065155,
          0.32086813106632706,
          0.5304779639231091
        ],
        [
          -0.015137758162955367,
          0.33126847346567984,
          0.5305677728159147
        ],
        [
          0.002094515822186501,
          0.34180543106117633,
          0.530715494689704
        ],
        [
          0.01915712605559447,
          0.3522491041680204,
          0.5307831019798092
        ],
        [
          -0.11684699303756402,
          0.2666413424392786,
          0.5102673486681853
        ],
        [
          -0.09982194987155073,
          0.27744583629343955,
          0.510340480313973
        ],
        [
          -0.0825533024973402,
          0.28780054678909117,
          0.5104009578691274
        ],
        [
          -0.06548403669779809,
          0.29819182355815854,
          0.5104627853763527
        ],
        [
          -0.04847382432649873,
          0.3089767592723892,
          0.5105607681625177
        ],
        [
          -0.031405908704325386,
          0.31960343217505893,
          0.5105896960717926
        ],
        [
          -0.014033556977185004,
          0.3292941153697458,
          0.5107299668348578
        ],
        [
          0.0031019002823796187,
          0.3398840562454022,
          0.5107863514855585
        ],
        [
          0.020161532463183512,
          0.350427151149866,
          0.5108073003220832
        ],
        [
          -0.11581257076284299,
          0.2653364374967386,
          0.4903537448607186
        ],
        [
          -0.09890012072234211,
          0.27605406893364437,
          0.49036384260629545
        ],
        [
          -0.08192261223242657,
          0.28674962680415716,
          0.49045492006988034
        ],
        [
          -0.06485370842611997,
          0.2974463198675418,
          0.49046882116110563
        ],
        [
          -0.047774525549584966,
          0.3078078728005423,
          0.4905543647940192
        ],
        [
          -0.03067157975503828,
          0.3178330933858303,
          0.4905842378469695
        ],
        [
          -0.013568207730063649,
          0.32855094914612487,
          0.49074946897354577
        ],
        [
          0.003870471898271514,
          0.3386853745452717,
          0.4907801203533024
        ],
        [
          0.021081808419986234,
          0.34886216475751625,
          0.4909289963583252
        ],
        [
          -0.11547413912274547,
          0.26455419290038146,
          0.4703053447189846
        ],
        [
          -0.09828735075874775,
          0.2748542968767642,
          0.4704024077125482
        ],
        [
          -0.0810331124914755,
          0.2854139324109299,
          0.47046494399388794
        ],
        [
          -0.0641636147738746,
          0.29597562665382693,
          0.47051338493513506
        ],
        [
          -0.0470543090394224,
          0.30680328051983197,
          0.4705618298084333
        ],
        [
          -0.030024657632473636,
          0.3167486141281433,
          0.4706211542610488
        ],
        [
          -0.012765062568384482,
          0.3275603440713203,
          0.4707570611221976
        ],
        [
          0.004269378502580108,
          0.33784993941627983,
          0.47078318603223257
        ],
        [
          0.02152420618999873,
          0.3483273748834807,
          0.47086535250706973
        ],
        [
          -0.11467213452447858,
          0.26296160790856427,
          0.4503071240427611
        ],
        [
          -0.09805186864365328,
          0.2744946174352553,
          0.45032109685963617
        ],
        [
          -0.0807915982828025,
          0.2848187329212053,
          0.45046368653675223
        ],
        [
          -0.0638256156548996,
          0.2954430111480214,
          0.45048740117282304
        ],
        [
          -0.0465735320830801,
          0.30565731903912535,
          0.45058541943134545
        ],
        [
          -0.02943909125179669,
          0.31606786627298067,
          0.4506786651941375
        ],
        [
          -0.012227150514151467,
          0.3261661391653372,
          0.4507098560561829
        ],
        [
          0.004945507712960785,
          0.33658887636861295,
          0.4508693306891883
        ],
        [
          0.02211506857714009,
          0.347204603172001,
          0.4508931113796195
        ],
        [
          -0.11413937628784986,
          0.2625149635993669,
          0.4303354659761818
        ],
        [
          -0.09727018681223026,
          0.2727201847990838,
          0.4303591086405566
        ],
        [
          -0.08038087221043613,
          0.28416420971996303,
          0.43036914109931096
        ],
        [
          -0.06343987557627956,
          0.29489028854842436,
          0.43047320133613554
        ],
        [
          -0.046313882585600596,
          0.30534900775447726,
          0.4304991409458593
        ],
        [
          -0.029018007669829246,
          0.3151782863476409,
          0.4306263532477698
        ],
        [
          -0.011703172064849264,
          0.3253652676995067,
          0.4307410518047148
        ],
        [
          0.005473009270699772,
          0.3358714133504406,
          0.43081688285827713
        ],
        [
          0.022829949799179617,
          0.34583502357719154,
          0.4308747726449298
        ]
      ],
      "camera_matrix_used_cam1_3x3": [
        [
          1048.622567619535,
          0.0,
          635.2911814683853
        ],
        [
          0.0,
          1054.9322577203714,
          385.46749871934645
        ],
        [
          0.0,
          0.0,
          1.0
        ]
      ],
      "camera_matrix_used_cam2_3x3": [
        [
          1028.8717917949107,
          0.0,
          655.710477415902
        ],
        [
          0.0,
          1034.5909581372066,
          399.16485638424734
        ],
        [
          0.0,
          0.0,
          1.0
        ]
      ],
      "camera_matrix_used_cam3_3x3": [
        [
          1047.1244025284163,
          0.0,
          696.8201967091475
        ],
        [
          0.0,
          1053.6354475186754,
          371.69556946206586
        ],
        [
          0.0,
          0.0,
          1.0
        ]
      ],
      "camera_matrix_used_cam4_3x3": [
        [
          1032.770607870173,
          0.0,
          711.358221798832
        ],
        [
          0.0,
          1037.8861567731283,
          384.8860107025583
        ],
        [
          0.0,
          0.0,
          1.0
        ]
      ],
      "intrinsics_scale_cam1": {
        "sx": 0.6666666666666666,
        "sy": 0.6666666666666666
      },
      "intrinsics_scale_cam2": {
        "sx": 0.6666666666666666,
        "sy": 0.6666666666666666
      },
      "intrinsics_scale_cam3": {
        "sx": 0.6666666666666666,
        "sy": 0.6666666666666666
      },
      "intrinsics_scale_cam4": {
        "sx": 0.6666666666666666,
        "sy": 0.6666666666666666
      },
      "actual_image_size_wh": {
        "cam1": {
          "width": 1280,
          "height": 720
        },
        "cam2": {
          "width": 1280,
          "height": 720
        },
        "cam3": {
          "width": 1280,
          "height": 720
        },
        "cam4": {
          "width": 1280,
          "height": 720
        }
      }
    },
    {
      "pose_id": 4,
      "images": {
        "cam1": "img4_cam1.png",
        "cam2": "img4_cam2.png",
        "cam3": "img4_cam3.png",
        "cam4": "img4_cam4.png"
      },
      "success": true,
      "reproj_cam1_rmse_px": 2.2916019724029986,
      "reproj_cam2_rmse_px": 6.956365770955915,
      "reproj_cam3_rmse_px": 4.001642533557894,
      "reproj_cam4_rmse_px": 3.5043769941467775,
      "reproj_mean_rmse_px": 4.1884968177658966,
      "reproj_max_rmse_px": 6.956365770955915,
      "rigid_fit_rms_mm": 0.5582390872321661,
      "cam2_rotation_index_selected": 2,
      "cam3_rotation_index_selected": 2,
      "cam4_rotation_index_selected": 2,
      "T_base_CB_4x4": [
        [
          0.7781168325636748,
          0.11482599713829687,
          -0.6175347644159553,
          -0.2618855952588492
        ],
        [
          0.6263129048840014,
          -0.06732347756369515,
          0.7766593169108923,
          0.15934293315421905
        ],
        [
          0.0476060926440824,
          -0.9911016798239858,
          -0.12430253494292291,
          0.563569473831577
        ],
        [
          0.0,
          0.0,
          0.0,
          1.0
        ]
      ],
      "T_cam1_CB_4x4": [
        [
          0.7800789325772698,
          0.10184233276498202,
          -0.6173370252009134,
          -0.37086005031338765
        ],
        [
          -0.0482786996175448,
          0.9935198499666087,
          0.1028954680511071,
          -0.20849065998181487
        ],
        [
